21.212873636270007	40.23262494327553	59.35626850135907
12.60060440297579	21.501478288422216	54.79821502230157
14.700190004176887	6.555446567153449	59.99752803631378
40.11824813520569	18.29586680270434	80.17892221487239
16.63538530588583	26.659371566597343	55.971057979013736
33.31408625165979	21.43129803361441	54.116451941521504
26.07901786634322	27.14620417633317	67.93303584188436
28.190055076501963	18.606882356840355	17.145779960981493
6.305025188045693	4.473748815980146	25.602984438544947
22.22437444581536	49.49842701413185	56.02634697222777
26.321426316773824	42.441953906427415	63.74686548858369
45.13490338937288	23.75019803430595	46.99259064123451
18.74957646078946	15.656113971691637	43.815635291663455
8.623039337051935	2.8109795557274104	56.189476079685164
22.025569545588965	1.4267808770935453	67.33952880072184
16.634761531287978	6.740932146341731	25.239654144362675
28.82777866791813	13.415092262032763	20.49668348414447
24.61791864737237	15.691835267850895	47.350298768170994
47.15745138662772	33.57712763517513	33.115267553409225
39.90066468211759	52.009646671315	39.132371187538276
14.796359621066912	23.86870717813271	52.15137138922496
24.839304496222194	11.583021115396765	49.30991248812438
30.493910155266654	8.51199749087036	54.394402141207905
29.78340559310616	25.309270312031146	58.898946742040046
17.49939104601919	22.655182052919994	64.25018145059182
33.89550123379042	8.750455981553795	36.832243872975674
21.34061885339227	10.180310819626087	42.45881768103735
37.36263940921121	34.744896792131044	26.416314004115982
3.7499773961962646	14.265497662865238	41.16773786985506
9.942718802628985	38.05000880108879	49.62930336478496
19.090665740108417	18.382490887281524	42.31704936268182
21.279051296975695	28.135677667289382	43.6593482150973
0.0037851942880919864	6.629117017038153	67.40433028303161
10.474620276870613	35.87040495599941	33.82093522275201
10.333867598896894	16.952797732655355	57.4203517051513
37.11702938811491	31.40901895044713	33.84494182164524
13.180939946537793	16.873558346389316	45.870119206182764
16.0838856985347	29.225354067633628	38.178801525664696
4.7404677100482555	11.855221782256002	39.09638597043637
27.31811820741408	3.8421900561420443	59.55890027043713
6.59828512122591	18.698101285681133	55.48507733098311
14.233443472799024	21.130738906141882	43.059486962681625
29.500492717706173	38.572695947399424	30.05801462194541
28.066717997915347	14.725056011183078	64.99091112477961
17.663669640904722	32.84756296179296	42.77553675857221
13.423945760739414	36.55601844714122	46.57474149687756
24.604711303609406	6.942386830155574	29.52895535139732
27.718727060825135	31.293371162578545	58.75574784938975
9.695357670193452	17.282169482271794	71.59408462503032
20.764974219508247	30.099612448346328	56.50838567520761
40.73249820156302	0.6749131435221223	30.533696072535335
0.6702916540845436	9.640220329981528	41.61459408677796
13.194597123876028	21.76898469012378	69.87441214740787
34.16431539346361	21.301560627968968	53.929390517396094
23.574731284073977	8.600890585070012	40.14772792595969
43.15268420848897	13.478563168030659	49.242347633385585
24.84520900880483	20.336372402876417	40.535151467587795
13.991437049917321	15.98562987781729	50.74242825584976
26.830735019790616	44.42027133018086	51.09125841269347
7.463532535450472	11.11683697498486	37.71573555385392
26.479636344045566	31.92986693650339	52.265455099093955
20.864857626868886	43.66317506292734	51.380475379281904
20.55733485575955	5.777437310338826	32.22399366486217
24.900476161298307	15.092949018058036	61.996945609988856
27.49622973501892	4.678940803189503	54.87508344313355
3.699453778253627	12.07149122564331	33.26468371845765
35.72554774167207	39.36661777178332	49.318633739145554
45.83381196467216	22.79967228452711	39.45404442113131
15.262400875103761	32.859057846021436	33.61860101917679
3.237768001734807	1.4756658333017114	49.10298797713293
17.456092087810212	11.684750091517916	13.708080336325146
38.1491070634794	29.74942808166604	68.76801666355112
30.66892755136285	36.22372741463208	57.77271527918926
28.64151505045554	24.87526316596496	61.106837572985974
25.556097595230533	10.75961161794609	46.30248991920373
28.716505311567474	20.31512110778696	64.93206247219265
11.006640231941557	7.5479030801257245	58.54910520227852
9.965254995517299	9.052045921964687	40.7006475537387
5.051435161249671	17.51853274730029	39.55263633422248
31.725699592727974	16.45229041313539	45.34392059317833
26.830838391293135	46.28048767597451	37.731996290236836
13.36480654832528	11.020264621106495	54.16472145272593
21.707322572361555	15.980536935853387	72.80972963936267
13.489634536945557	26.21116320543421	44.01707147507316
29.464485810182182	22.211287570152493	49.508118138604765
2.8865544829092116	5.415233627549959	43.679090044975496
27.08435325525351	2.5581069064206474	53.35851265382175
16.533904942129233	7.1045662207642835	36.89386800907687
14.856766291775912	16.75989038200438	59.98312484909514
32.79133024096381	12.88248597497282	37.388343187082306
37.30473522295779	19.5122332998446	66.20865128034481
13.913272505914833	11.66451343605679	63.4463040855875
29.52821117942581	39.667256677615924	65.71481647472987
17.971001081721383	19.63815924235956	33.40174069703095
9.271232187009826	13.378606776029534	36.18291706264026
12.125917162448385	10.358126824310162	36.40843634527554
23.853468687014896	27.293562506123873	38.18575459188867
23.719696983887342	14.10201719162122	56.662685813120945
55.87318575901477	15.673509439255994	54.320940648983246
37.80268836193833	33.51201326497973	43.94123017296793
5.633930588813401	4.615194330120001	71.5451076174702
11.814765322293962	23.642082846690474	79.63345369397662
26.124669708470662	14.749778636831975	64.31979921014059
18.22115910856151	51.35027428293507	79.799711509454
3.6457839868617583	22.768759084622058	56.58162698937955
6.206552212894184	29.268164042100604	52.31556339560845
24.54906482533255	25.857085215172276	53.78557260064763
33.22955819037658	9.156574598143685	64.47637699120125
28.9196809026513	41.25173365177524	45.35030769908245
1.4387468033608606	30.394853346959696	58.53019573808737
30.32261220973675	35.6616664174038	47.83688824756356
9.096465527919696	17.685364741057413	47.397417423950486
32.27022246869316	2.8193393228131853	63.18663309336121
10.806500959846684	32.651321388586666	61.71692180328703
28.454495650660476	13.107864110691953	62.966589488511275
20.966773960158097	24.08139207911687	53.7724173449794
40.099375934134585	22.403687737956403	45.925953335159704
22.430021242004393	20.041657670374644	36.00507381159097
19.16379117603841	16.156727196742505	39.10230567404574
27.564564042579818	9.53731106231559	60.08611550988767
25.74869575776062	19.288672863515114	31.21585662061151
25.891264559825935	11.80490358082671	48.32824726541325
32.708383325276984	26.919581854492733	55.72297818516871
24.20392110347528	24.058307847613527	46.033422797875154
19.90453781688372	27.55888658394631	35.59205625033877
24.942994766985784	30.03042241771768	66.75125955339678
27.57165633143623	30.39774047913039	46.57391973060204
29.470368389168556	31.344190657440816	80.1565296738648
20.380533606379114	2.897466093298533	33.928341286369744
46.690939186586995	25.01442446037819	29.946015461861943
35.35042172971549	7.405575750232138	44.02721439308054
11.977908517132075	33.50473401667643	39.21435203410522
22.31790585194007	12.154160727699354	42.853608991089416
0.05643475855561775	25.387073505328118	59.44737204367619
4.715377090234426	22.062517506391284	54.534926174671355
28.396815906933618	25.023259279152782	53.21115492954495
23.66807443181648	32.73221681743556	67.2786982414434
19.550752335252003	19.0827466695734	27.89722430818363
33.09196040205335	15.697512418840184	60.986345997822205
33.07150798913428	3.9270574285125655	38.495732720513516
42.13336955451997	3.842293000179204	38.71735084449814
20.943271222285126	46.37756160954927	53.64846024855809
25.013877191268747	30.24085112749214	38.053093228102256
35.28559812133552	23.145181224503606	57.27708786330602
22.224779309432133	41.39841963030159	42.44963275678731
21.72994509759901	4.3259617364319	28.607197050681556
17.283782165586018	30.548896928198538	62.78275677983602
12.513484005604946	11.394629551757179	53.35326561226647
26.540880193891077	0.8006801381168316	49.54857189215535
26.197402621693218	30.114935544244446	60.041657203068745
22.787939184279242	47.914475589963764	39.51290693271382
16.674482329049415	22.968078252701964	57.096735439269196
24.162386687484897	28.305724805928136	44.31929802145786
5.963067790615664	12.015208019277177	39.78368255349295
1.9078923261015177	24.961907860307473	45.79756787021204
33.93042952678951	17.308790001101087	46.652949066267354
1.781177508948474	19.08748936561272	45.7061902081519
26.983669077577183	13.748046101534348	56.850893835021154
21.49781233213201	29.98225049945922	40.119058078210294
29.63570964773907	51.189292955082585	44.09488159590065
14.64168292634589	4.624152260887328	26.8314971769283
24.428060006804365	29.786018614876483	48.28751362254458
41.8294821843605	33.51884123665971	34.36800419291498
26.28485839423609	24.526062254514624	36.79228112926176
18.604028553091553	33.465116633834555	50.97965344593127
6.403148444256548	7.798811294861043	48.085920736774185
12.516808226400858	5.966964769707939	57.588149740435696
15.82752969181045	15.303226961563993	47.30001981594135
27.07365443700558	38.91291190612367	43.88864783494239
5.834587779599245	5.017748904066105	46.448901249142565
10.093484572288448	12.126742930275974	44.411232925569266
19.61115391357343	22.915675015575403	76.42977384086551
28.091619457332765	26.819207011587316	35.97500506955602
23.404975515068685	21.332774046114924	60.24319908849449
4.672411920760265	25.631751301872374	46.710896736767666
23.082047568526967	28.955690661793312	44.484090547543175
4.969887661321337	30.840159799931282	54.921445483899035
26.831461589201766	21.735535174294412	56.25988077571034
8.040835310465482	29.97279490954532	34.531745111302776
22.625416690956175	21.495645832170233	55.96194158371288
18.857067284942794	15.856637853343964	43.70514366814526
17.683524128080805	15.461656033461908	57.87453628177422
5.486374245635753	24.584447287084984	44.36286444210824
34.45255372039836	39.075373540432096	46.50929208995715
13.824307443082164	21.723146973449182	49.47817282541255
7.7047989983997685	1.6958669783020213	43.26783821771896
19.279432506547277	30.23406378635993	62.645347396692934
36.75748604829178	12.996826916294648	17.400396199197935
34.14082321039939	13.173566876084218	47.316797292450694
12.958493359375318	36.207358596161626	52.58440627632525
16.12544061150016	23.06218221770894	61.833137242115875
16.903828299911332	18.880999711948153	51.68548530803561
30.291303729063564	23.150987081173792	39.911973377514514
13.265499020264766	16.95199409639862	55.101868731344815
29.917593370015794	30.245404641859874	40.58905904006397
1.8428899617478258	9.249112007100107	48.57557432758599
22.121992227084124	13.651033244262765	42.80579200098155
1.3498390150728738	22.01005772686191	73.43155423125236
2.4102342030874766	27.19980949163223	55.037897731403255
29.07539823729468	31.267657842701357	46.09373073459457
29.51094042020264	21.53448224224369	58.14822357533152
23.584012622592354	1.8482788379251787	55.97151839638345
20.436100574964104	5.862565218927102	41.139637066636936
22.502566317587306	10.176134778095863	24.41420714513277
22.06189406483958	3.084646480124512	48.286087645488834
25.341074849930237	31.88366726326175	52.119544164600335
35.11204111553054	6.572356834348248	37.87217076455279
12.388244126124487	21.72629532885589	40.11866717530242
16.966975003394413	25.463010872706025	43.65750078848902
2.395348777707163	32.12304570694898	64.38687233134694
12.565547590216205	12.288928363087013	54.91671266842614
24.489872326306994	5.749246770534938	43.55803566227272
7.4550156653399355	8.72671342624922	58.116705237090656
35.50680977095368	2.6542385410385876	56.05163514652691
27.715096414270686	0.5920600688452708	41.29877553013712
23.675020194197113	23.383829601189184	52.877076137582605
7.773721730212806	17.307485352638956	57.60431903497924
19.04067190348052	25.49788990017608	51.224948421846904
21.944485117520266	9.78282616192092	54.39703725888051
23.80366914288327	27.333643383291488	43.1329978164574
33.479864718387915	20.881977409422433	19.53530844807106
22.910329123073534	10.908855125225434	47.87911766014155
1.930736066972628	21.964344019125125	37.03860150367279
13.14879302407078	27.81699704788291	49.564843321680804
17.885873851831914	18.458090396148425	43.6391862354621
5.942627336465804	19.52172665055332	47.912868662200324
7.551761111311096	16.443392112369327	76.8064601372121
11.749985398324185	21.633769403668467	42.4881624368425
11.59761954384885	29.91230329722205	50.53649246140193
18.07202077045769	25.16116440331043	52.67477782839849
24.474867043641215	36.78260621922248	62.825952199667526
30.254642256885084	29.480036768420483	56.120120944102766
31.35728311891556	24.850715118650953	57.45968051363291
27.119978694884253	31.137624417964634	64.32717015634415
27.918152085613848	3.3297962896237756	71.650480186669
26.493149854239945	27.093660604188795	49.369704469812895
29.026425525084413	24.0599141217047	47.283126112596065
18.377135755752995	0.10831302643687479	57.35857816456241
47.22343457461531	29.709253300102937	37.30951997148324
25.440891963275533	44.4293778010792	43.01992219033903
41.63736509066111	31.261669508162825	68.28857647905846
31.28644972451184	43.317723087915795	58.30214387708162
34.378606045296536	24.698986143970433	57.41041814029681
31.85512096219678	19.259562685247808	55.308884387092135
10.475181061045458	14.287197050035637	63.54237303619858
0.8574311389698543	37.334711462556314	42.623320709560296
23.7308030085569	28.77586987674003	65.1161555715455
1.493764563804529	17.489822043852307	46.715227814734575
7.134797154309052	8.857211767190996	52.63071037600756
0.4656985161629308	13.92934538703863	40.3371529912454
14.887521676289921	12.528226203616407	45.251408592320274
41.78947580084071	21.425635378301056	45.32349897861362
22.781784627694865	14.716511586471619	33.5738468006267
34.90557309687169	14.750243680120544	70.02352250110539
20.811022765884434	25.2601544276996	36.85612736866714
10.008079234504315	18.15824610453491	52.31373932999203
41.62448858441442	20.15798155071397	32.35160065539807
20.46208738961549	23.851012500518873	56.2554408304438
12.62275484876873	16.252727624853996	50.294449628847566
17.90301592084975	7.908404912063499	57.936345410851345
41.52669564444149	18.070305886397787	20.0796306843717
11.294168679355774	30.187693912323027	40.12990233349912
11.876342695378437	20.957377136556943	61.55200735789643
16.15127887491791	9.641325750464368	54.10774703460944
9.489144935930387	32.67048935325166	43.98015681907262
22.21163660733688	10.437606041786218	51.07347642758696
39.072163695947175	0.6119566358671378	63.4423522390498
3.7516891303641167	17.619104123338694	79.43342013823175
32.86102917557803	21.694494082296877	60.492456654482325
26.88054976477997	40.0427644424897	22.09688794730009
28.507166763563845	13.581213043843176	56.65224285181955
27.060836381833774	5.867612701202464	26.371403621223607
19.70439144124408	29.213046813607733	45.1716404968819
42.568404562490315	11.641130821354523	52.7047401688235
11.25364644509348	26.126507537224633	55.64548678220622
37.518768232819156	28.901691009037656	58.536668375070306
22.005759036579036	6.554160011417384	52.34166237925187
22.962814617195328	16.705589686976865	61.82897275344473
15.697005423401118	23.11122512772533	40.54376432272728
32.56645722408922	19.795959028573307	40.39064859295239
34.29726505491525	20.232974377575463	55.16286744554215
14.23386746438345	20.129462214875797	36.880380130251496
14.586798431897495	25.4665153749197	50.78742690343666
34.15437736490328	25.870295338613108	58.20469381032975
8.416454078853413	9.392471213531975	77.82520553188559
12.27689724155218	11.018475606623753	48.19780412004912
30.687569423523424	13.488042994962246	32.06079952318861
12.853413684437575	18.590504556666843	58.47322234060372
58.12126647673412	5.17020402746131	64.3741183058956
23.887707498856884	12.549689053772017	36.34106554605253
21.274502911939486	45.10559886103217	44.74150525991108
30.237258688769387	15.761388634011535	75.3078274323897
2.5962064859475475	5.704763747376351	52.18609508179108
23.387706965921407	28.73337190200244	69.85987893949684
24.982113847865076	15.996556048693778	57.618770579862954
31.15266405876444	2.29157542028965	42.996716014831705
35.95891285132238	13.521342999132976	38.18714710116393
20.659527191629593	17.838157334419705	64.66616346841677
25.257255939980915	12.515742446140154	55.666780040207385
17.926507470371494	40.71410330369365	48.85854176815635
20.593082298408202	35.4770512517013	35.90010928437826
18.25913280232523	24.439146360622868	61.30056179351709
40.28111054872869	19.271429676865356	68.86351456238994
14.240202384741941	29.756701013494173	41.76460000796855
32.21091128860854	51.04580555954986	38.07307401650459
18.092138419072878	6.719215017103597	71.70607947101936
29.704381355045182	23.706743037796585	54.515813307218856
12.428134056265794	20.1008839506331	48.74519106334268
24.00960049199696	29.902015281857466	41.331745263466715
18.081132653983662	10.875861561920665	57.310888414852975
1.6652333447718561	23.04827351925455	63.55154448542707
45.404484894582176	10.746885411448119	54.53936985868864
22.30703133020693	16.641853231024104	53.372070331924235
36.28967728599703	28.6318554400447	34.649622036833264
7.84515585990497	43.260048147373254	39.67119900716424
27.759056348810013	22.68836916891844	34.50940098260352
28.564246718253287	32.21588980227711	34.755496330495426
10.099103487928705	21.18199967379497	41.383131894362606
8.249977280795578	3.5478023977305035	29.47317623626331
27.995610391039815	1.0290989008709843	48.03199896694294
20.31226807485194	32.00771679426112	53.45681707337987
9.575724750952954	33.15024859533443	55.728837859158496
15.556305078926336	26.908299506750865	55.71200101752192
35.97233067466137	12.469827946911474	38.60944716425584
5.639194678966913	15.508250922044645	35.44604299061595
9.103373420836277	10.268568753530781	45.05054200009451
31.356010140824587	18.571011026375338	46.78946299957733
33.348716595567424	17.461055446714457	26.86108709901865
16.92534915934232	3.009037364268412	39.98311098927488
38.49824702859394	31.03809746156947	60.88511604038748
47.937445166914586	9.298919073999238	48.50808287835985
25.39323392319777	19.080270247720453	35.66703085613835
8.381546842633128	20.649851624413245	70.92257541708314
26.831679077582415	0.20447023896110395	46.80995819494946
5.229775879993994	20.074076844523667	32.87737310471428
29.172797182960473	1.3954626932698453	54.381547946774646
29.993768443711147	1.884958092296074	48.08782615513855
22.75090601082411	40.56930076792197	45.51073825461029
9.927757563688587	19.27091910183461	60.63121188935827
31.086667664000416	14.241841203623878	50.44078261268649
31.593528036205328	7.759391934790422	44.646399877036245
29.3916363851127	16.94713851524789	48.30471617864826
29.2268214953822	27.594689544156314	71.22278387828713
25.649977311718356	33.121754761787244	41.419610908047446
17.84860080115974	27.02133626369139	45.68161367168336
8.956225653197526	30.642520459062474	41.27897595324225
1.861616771428622	22.012859249918222	69.54363747677063
24.922007175004964	31.015746170610644	48.304975338137524
24.571760204830213	1.5328973788591007	79.82492845939615
34.350349214641895	18.14834661875733	60.35545492006189
37.10563023386138	9.054557558869114	59.83844532394199
13.259432064603894	23.857815458564822	29.79781132312906
25.819962230237405	19.464539631380227	31.11442785536461
31.730309959988872	27.24997595497573	45.53847698455153
18.69290151735833	15.275543171508613	46.74214858930054
8.759551342504224	15.998767664944467	30.940097848040686
0.11817965027886856	6.273265421275298	65.82304067622168
3.6396893915012036	30.50371872234749	55.18740317712252
14.423461904866802	20.533257360727088	54.4567303706155
27.06276786714975	26.134511927806514	36.01416599905102
21.320638505424633	26.037322829421655	53.299936502525235
5.588553839143035	15.160677255273526	49.08314780937053
18.719000893137594	24.977293577644154	48.25240669010334
27.118125890727182	8.652428020552382	39.00982256174551
31.81842565126588	20.394544367620778	59.58805629003531
27.798123555430145	25.657216824228158	41.039860147719125
42.41824226986209	32.49186120834665	51.3225881537171
52.0879393014174	9.500421620950892	47.830497043250055
49.12852152026251	26.86718952474049	48.33978201152891
23.495814470146474	20.393227980769215	49.017243297594746
30.371134250999646	26.63742939132188	51.21857884843486
11.447761873435384	19.702654702912017	43.474405863487675
4.62108933970557	9.766276180238723	27.127849471339577
18.87649997492275	21.70873005738106	49.79546496222689
16.492343071365877	35.819678025872754	47.09243823294278
14.786450672598798	11.376579756078467	36.99844417114645
30.5472282624439	6.415929683858295	53.79439159273004
31.800906673791914	6.832883000582289	44.834948685100834
34.57919412158896	3.9450089778173556	69.81017039924474
23.597197812141268	33.46925762386413	59.0748493073103
4.7586135556912	4.297975324007275	52.6552064611459
9.268219625586134	34.991402180368354	48.50953735470099
19.472102759080983	30.675417482656407	48.915663044194936
43.35274552072963	38.82914028408245	50.538517590432484
11.500141679484413	18.143877196095925	39.32315112885958
16.463422131845604	54.4343513422645	61.58903854186977
14.087765672084403	25.484422213764987	53.31993600322911
46.61617134037658	26.47915993764883	66.19184178463924
41.25826443286449	22.961169741942314	37.57559174483332
25.0731831894085	17.571369343590394	45.430628237141256
25.812197202525503	0.6563801124401927	35.48980900267129
6.962581444537268	4.418097409193216	19.491388534255485
14.503070043388526	26.768603940110417	44.79927347547088
36.43088750517111	40.34263585784416	40.66500320845435
15.935885528307178	17.338600297826027	36.04941475332821
21.748041721208217	3.441879656887327	59.01774147521833
25.313998934453167	41.83051733095114	66.45037063017294
35.39048797014466	4.972167984769181	50.00643313773758
19.91525248915883	21.18061140933596	42.514175670381064
26.132991286203268	7.146761639716171	67.34160353102865
16.098893129095956	22.17776440613088	44.77909012078404
32.60671418362672	17.015192409775494	51.411973006276575
33.88809744293299	16.05270659033941	48.14039532015566
35.292413441873194	32.15558383167786	56.91843750653767
17.2072858189264	18.66723024172575	61.77516271998495
11.766005924820671	26.014749911429284	35.150494988959835
5.2748523223000205	9.788975585319577	63.182997339496474
11.960546104759866	11.130743541141797	82.70888218030973
14.17411359289717	18.27683254184853	38.91324349011664
21.568993992405673	18.256666069920282	40.47086108011291
18.7015380264518	35.03884057941458	39.823870847447054
35.42449386267387	31.236750809305928	39.46489269651726
16.78059331024073	14.074485920003777	41.01332340432181
31.719730805081	2.156944904243442	49.27402407212736
15.119677562469219	26.057337916262085	61.15532073855151
46.04063167437617	30.832454433215474	70.80034002183326
18.577135724263677	19.299700558148725	57.9635475143903
19.19579942607933	2.9853105937324145	40.33843622572985
30.371072714960444	3.725677212738095	67.6229921384001
0.4371985627025339	18.26762844428435	72.34367987185692
7.031478147203707	37.94678103064623	43.39033243446401
40.24047083498533	22.713635041008313	59.11365426009933
34.94542348568494	7.389861606397188	59.217632628374744
14.143379877218562	9.432961281651107	58.50870306428181
27.1029682514975	22.261234393023038	22.953685813899014
1.7579326789351981	12.929113519442511	55.77014400741948
30.287962285624996	23.215351490430837	9.512620107834117
21.822982767542065	32.61323096059205	54.56040993445409
19.194775237116826	28.89164243784034	51.805247981311965
10.979212225568563	13.757423940034254	74.73642732401558
3.35154847277218	26.05553826146059	42.00020739397334
37.31550448944627	45.17408798699109	37.62204245458827
28.95292351835414	19.255262717169888	50.27284475707054
19.540208395405188	7.746640171856999	51.863969808805415
27.15484358218026	20.727032119693078	51.487752860157606
20.208965407614734	12.731643332237521	43.752050867753184
6.851470134729565	21.970913368541225	39.760254585040215
4.431508377393538	21.936499017859205	42.61178334833683
1.25527886406719	8.231091345156198	54.40970227217669
21.654035897405198	33.419067115688335	34.93835436247841
14.860495806400039	19.459175219159345	35.15695310331601
35.51264632701561	14.614191418997855	69.69824192938296
29.297518287543838	15.78669032118492	62.10975133139468
16.644414024462815	8.16163484137523	51.64584942988512
25.6792993452844	15.292576359292653	38.41468135388254
23.60457035161196	5.514919827910953	41.06715416875934
26.044267512366016	15.199413973963859	55.09239418821451
27.41152255405363	16.70707173435623	60.900553958627995
22.63598152715924	11.21685855466105	44.005346483892055
7.641848617054443	29.644245369854907	42.84400992197746
4.2928393684078365	27.338893011039644	43.882394692655936
26.075406143547383	15.397050532393111	51.14661076539599
8.962982462994528	27.59154660065497	30.592042388274344
29.811585471331465	3.0739927810003884	58.55400858263675
35.76820399403702	13.499678994748644	44.528835535932885
13.049342929062956	17.870710631610883	26.503020903080866
32.277978645879955	22.04074614956011	45.43357141974957
2.157806402990733	12.381724049846145	60.25608909422237
9.010914586025853	8.984232852164634	30.800635677816224
3.6641041714708678	23.395675452055567	49.14195069360517
31.93732867679445	24.66574647401553	39.90722098868003
19.090889472703505	17.22743643715187	74.43592794152025
6.5859577560221325	11.33311719551502	58.60628104914863
42.17421213070132	30.560190217526547	48.65485991503
16.67683191844294	24.548821829856415	52.99894231161196
18.84523359815008	32.872529520499214	51.46842578039859
20.11334096088376	23.9571929458392	40.054338297756395
31.426687695012824	20.447786890206032	60.15859477363178
22.106415558117025	22.218277829678144	50.323229242324224
16.74576589421892	22.560943189343938	39.04382335892042
19.44334266001621	14.868816302211476	50.903321029692705
2.8746596588095166	36.34327143985645	66.95157239847356
28.908607271298564	10.494711352683176	40.252220129932425
11.811298072008316	20.030529549339473	55.89250085158058
21.63676116759146	18.70295312235794	50.365524545045545
9.263462971611922	27.2720337807424	59.48070024962994
39.9724358265306	18.09363940445539	46.99141532727899
12.608357426681778	39.10322801112924	46.35447381850873
16.554857293501495	34.011637529679525	41.226775165363016
38.19557258941016	27.674235486364296	66.63409735297793
12.702762244358606	46.13182349352402	45.774220201162926
9.036183382800903	10.655084103167146	25.84338024998808
31.21754679456582	34.21605868854805	53.54519677386686
7.617080690639163	29.99313966594476	49.65029384821089
16.23220287273984	7.156713519195321	47.4183929069564
25.3412990792178	2.442052816440217	47.78895648198987
24.23079424683278	22.50381613893027	41.63865459933662
24.67788523561193	2.8772199716111473	53.59248321179152
13.194196993864422	54.36861447375994	46.853901749580515
15.757680614550846	1.4894582484831602	48.78852601192585
42.68163759416926	29.410633586951874	60.19495548394515
1.3890950722163318	29.52994403420282	54.23236129651219
22.625102213414227	18.470368844456377	59.335608960012124
33.101518690358645	8.55688505538393	48.64215998946355
15.889250092317415	3.3908608210303797	37.99243557618804
16.521002688638436	22.604893680013713	46.10742982882354
3.191332445570321	13.098373149024841	55.67285960714207
10.453112014943178	32.410942075435415	48.62399692195352
15.621064325198827	20.49912017222422	33.2791194312352
19.173353942091037	18.619132258400473	44.94807497718682
78.25129633500497	37.8746865507662	77.72026410506919
79.53666622480056	60.42068047504754	76.79199843114043
80.41968593616149	59.32466451469779	105.17832917282236
77.58362828342045	49.32244212880282	77.83535103953115
84.9093926902927	49.82591447633963	85.88227008506291
77.70308663733029	53.00393740734049	74.33904778510296
76.189536119731	48.52366261320205	88.68209394005129
82.12686766486237	58.73478385534502	79.32653335576651
78.82375241754951	48.1819775872522	86.294733244977
83.41209917434036	61.658895001215896	94.22052625782501
77.92434823285899	54.43365060374784	82.10884280313678
73.17319593669576	44.466839342979384	92.9180671746612
83.2525577381797	54.489754422518104	63.51291835063884
81.78634269974701	53.124830516680234	105.10074090909688
82.68592835065066	47.07292089809199	84.03201593301384
85.47272810305756	48.812455625709774	82.86272614266292
79.33240873838803	41.483463097199724	97.54573686156431
84.80468690353175	49.93093947678642	96.22836036275233
81.3185020999573	37.75945143392607	78.56250945376325
76.45377469198503	55.823022271153015	94.92431692492278
79.78548841778994	47.0429122303236	88.52527589478152
76.40523636209093	42.37792480667503	67.13200172586748
74.53404111310202	57.77638833913679	87.44886329336595
78.0355379964662	50.02451803519487	86.9372959069285
78.83503840285834	40.241042324384125	93.72079659435067
77.80260182446087	51.606522780344044	74.4827209627758
79.11214184764249	33.33461019454353	80.4296494746835
80.24571026589301	45.704697459454465	90.3581988607951
78.54754779834316	52.62339203956152	78.0113612214923
85.32307875049665	41.569125407628434	88.43133200839999
83.40185427768971	46.516345420001116	77.48176117271078
85.83384260908473	51.15661786568499	79.63120050891659
77.99765991523792	46.71788424215999	70.00983671658891
82.3135628320365	47.98380643876388	69.81957518095345
77.95106047279361	48.13824805725406	61.02612725078679
78.39819818997009	53.72307030434869	78.63111690215753
78.92494166496385	51.51248659941107	85.04079901204398
82.20718584299611	54.771091880108216	86.53272138176187
83.59825778368733	40.707327829193474	97.69607942345692
82.72130780516683	35.42374573445532	74.88490342136721
80.32679605957712	62.030710446533135	70.91142172670948
79.09101364863358	50.666299591969654	102.98023198080001
82.52839117500622	54.140349743830974	95.05439571144083
81.66622034915824	46.50313472115976	72.89948021312672
71.52396401240325	58.67003137341534	79.80761436366059
79.68365953814448	54.08967705502892	82.13898952179655
81.83566422937673	58.33770761976264	58.664720285164435
80.01653311657041	57.3853560007069	81.01237100908726
77.75163745561278	50.838862791900596	81.0618560119254
80.90429837795453	47.80924622481749	80.65807647885137
79.9684933819653	53.99403589633823	100.07777209064379
72.46648580915269	51.31545603587271	84.22203041635521
83.34029461218024	42.60576315284776	72.50689285420437
76.39653251742612	38.390477413883644	81.85551830527048
81.57752529468425	44.542321845399904	105.12291756934889
80.14354079715807	51.78240846589281	83.12063537193961
77.9975034960581	55.8540464392914	98.8174608307541
84.85149070599601	39.947261797336154	75.22965326801688
82.15339420044377	56.09897654595616	82.57803238275837
85.64434595863904	48.737957463609895	111.91643561731128
80.12925255712965	53.720958687942435	102.81536063116047
83.1324764698087	48.99045756048833	86.10431135672324
78.1087911901889	43.09615678427812	75.87472839773366
75.22029367422039	48.29086578837188	91.13391166348757
84.20525164727991	49.06803014450878	70.13994301294983
84.76870793504354	63.775172283059774	65.78903547121477
81.69563065411099	47.976807975837026	74.77146232827766
79.72033873325061	41.96461435266021	80.77550753267342
82.79626677153703	47.784155450649564	91.45177156223913
73.1774064213901	41.93377158445645	89.60400781731757
83.00289280242211	45.27261656156564	70.76728214234252
78.4497235319556	54.12054025873083	87.083110021836
82.55433669414637	41.00020048748158	77.0998119487415
82.78843552063722	44.79479276242557	64.19578457907609
82.71467970426824	34.95663602608258	78.51835736433888
79.77938825987447	55.63628070232643	67.27903306638602
79.82513869817429	51.3326451758564	79.50902743210943
83.69871964610128	61.786293773241695	88.91231843476933
75.42307557970534	45.922427071581964	82.0886976980115
79.03989381035149	53.988007452321234	58.356588560296274
83.87028523035941	55.24142716787791	118.07145253813731
81.48443865071732	41.46163133905792	96.22134640094595
80.62917954888978	41.95292262425415	84.34180717354681
82.42476864966576	46.16937792805062	79.54953129190108
82.11904544631525	52.96827861462047	94.27390826128078
79.06394922839297	47.154075219863124	84.09539256249911
74.96142913460234	39.920221280087524	85.37861175493644
84.85225833651815	55.87721981829432	82.01256861990443
77.71229362099893	50.66146442375244	82.98559806552012
80.80074779850747	53.50561272802424	97.09410958936905
79.60874978027776	48.20160452870218	63.30452902000555
77.47871144007983	48.99158444263776	69.47696764175456
85.37333489955527	46.534113599839216	73.17120018971785
77.33030509930292	51.840289834537025	88.66431484460597
82.68985710715472	50.747077736498476	61.70013449636219
83.60032743183143	53.900056158497236	97.6161900652811
82.27707399385983	56.582693673193276	66.27680301102347
81.90309397022774	49.13521653649821	89.2741475072133
78.34454723642367	46.89960004764207	56.633880336019
76.34872881405133	47.18816499370709	56.26324157583838
83.70237620618649	47.25304292222004	90.08448751814822
82.10523676860852	40.158527224953424	73.08802083297485
78.8547972911839	54.707971205347896	77.85449090879794
75.45408140811294	43.45773951985527	50.60436512877865
83.0242787522107	58.45897120979059	78.26614660845395
82.99066285626962	56.666253082053615	73.1481850548417
78.71847554936211	53.821140663451985	70.15287051461394
83.20249966751173	51.808401402097545	72.3502914377182
73.92033321179815	47.569104611549285	74.17871144658531
77.04484481184473	47.29898476530524	91.8289571719895
77.31709938989046	58.39343146671557	92.24115079539084
79.24364288688938	50.9077305234059	54.63600758882829
85.27204979679514	55.45566349083693	72.56451036039928
81.72019264861797	44.26932513205099	79.12858873012117
77.28842963301518	48.4160655692733	87.43041348342915
80.2952919737603	45.00734835542917	104.066075543668
81.32037135101875	49.731999511124926	79.08911772220581
78.4051162212572	57.338420442272664	68.75847803576484
78.09657479649964	48.74690061031695	88.18936044219188
78.9919963820739	51.97096309579398	81.65953306954385
84.94747463904504	52.81926574706571	67.85205150229656
77.30821273960537	41.864367971770356	81.48732946689358
76.00758621902895	36.70767812041939	99.85737359979102
77.64297907680393	46.80119663248875	85.10400068969876
84.55710062026414	49.37876446745894	73.76823229628201
81.14485466901777	55.6557901118072	60.79296247088453
83.51564939034898	51.2480927210978	85.33971167092925
79.7273627764704	45.431050638166234	80.62414173874878
81.0984000378568	52.26665101445909	69.12127122951765
85.82174602626296	56.88232789558783	98.6044086973909
73.9087681724042	45.065017312410625	91.89328711961723
82.10716260335363	50.77051064857671	83.46934004553992
80.76379602958741	47.41377205261669	74.55673388952914
80.71993951518486	51.12292294859354	63.7732306052338
76.44672240772061	56.744268509849704	69.75197886281717
79.81635919638839	50.69452558972994	85.45749249920057
77.75276055694508	46.08282464298316	82.7904506744562
82.18967458685167	50.8563665960643	91.27679058570037
83.01629327065265	55.865150068378135	79.80713138712
84.71030925975317	44.38033215768124	80.4333680464119
82.27431998273781	53.81883756119979	78.75352010220827
75.01659169832969	61.94225152504526	63.89200649026185
84.12534707065984	50.28627701655515	73.52035401088172
84.49262433043438	51.80835539882535	91.08982036379416
76.8424552258497	51.707395347991714	88.07345948212007
79.3037711717678	51.91751846954414	95.5963335596787
82.46327004121324	51.51002948515305	77.08100663192268
79.58683598342364	56.502748070655365	72.13736054099937
79.0980054032755	55.55237714755957	88.6811981852129
81.9035739336255	42.91616685985751	82.5806797773518
79.90581641647917	42.79509952725571	90.80629181019887
78.67342216544989	57.41822855889168	64.66868547496107
82.93016808386412	44.60365680131871	94.46254255423365
81.86421208433742	53.70584627883646	86.98050329977046
81.79555916253403	39.081561403670875	82.17065185934952
83.33616198133856	53.73716529221494	76.6733382078532
80.4646979356502	37.61196416434306	60.53067917082869
85.81721551392864	56.784752840221245	86.2773482089391
78.67495474609335	46.49275508506765	60.35247484118924
72.82623295157292	39.06343395015776	69.61584070154093
76.81322691433637	53.40774962961551	81.04798811560119
78.6958302787351	51.75954725217835	105.62950211473719
72.83906585939194	40.90781638712053	79.68050962882648
81.05495341642359	51.513473720784816	105.51123958664475
77.7158495948245	47.097532995953934	75.80219892929114
81.48204126525816	53.715342650307356	84.42069205370733
76.29975173052232	57.46539104004469	101.83081546278964
85.23971839288637	42.29781668381639	94.79976519127253
79.22770411835614	57.15061031043145	75.5750015435355
79.66191991663331	54.124382188022324	62.04606562741107
85.584672345885	56.7410301367568	99.35480179058443
77.90135388522901	42.134786570510656	82.6775336429968
79.08280906770702	41.18507217132705	69.66991739325246
82.8783305266201	59.73236601611329	106.76253027694332
80.09599917490411	52.287622914930594	66.61785057179672
81.60537458453244	40.068126404158136	85.98136396282975
79.7215325780039	48.30469145377306	91.22209253197803
85.06232047623641	46.04249882143746	100.57118862520525
74.75659046086318	54.426537792756974	57.37918358578264
79.36912972804157	44.88853337091686	86.61809598260024
76.18918998807224	43.54266002894888	60.29491426099089
76.50301834807715	44.810516488090336	105.72764706077731
81.1558378772372	56.15045336160282	72.09052239073036
74.45012397600188	47.60045652155061	79.43641612166901
80.09039150427031	55.28828541748242	79.74535541792085
74.61271230101818	46.333808823293126	105.90556054873439
79.07375392572224	36.56487511053314	86.72095318092593
78.61145535340815	49.442730600200214	66.0434936969827
85.40819637566466	53.39562467730162	73.23034939113624
74.12009454432119	41.82833786559446	86.83564860545775
77.4615792139157	38.095062046303354	78.14740107785529
82.34608578407793	46.64907349057046	77.79875430716908
85.06299575416897	54.53574841933787	64.00861684668361
83.51361569373181	39.42133024729376	96.67989117806641
72.51348272556402	61.19073766479127	100.11839101423756
77.85611093021171	46.64788941984702	94.93098410641781
82.0525946149431	53.19372910484887	54.97451543349077
80.56119238883359	35.96320793827256	73.32741215360903
73.74061096854163	56.814439522437816	75.97543057047551
79.73499294398864	56.67448894266517	53.34347094704647
80.75103962039944	35.77528209641975	85.8198900906156
80.6819374864748	48.71267454952368	82.28302653503872
80.4516203984172	50.78314932315952	73.47631349534998
80.02309918225532	46.91025502948003	54.94725990959337
77.39073161842303	47.96113376820166	74.15715805512463
85.3351743457127	52.39854023416444	85.03060923540112
83.92581704723827	56.57698284299855	74.41757231282624
78.90246103011336	50.531972415016554	77.5119525933857
83.36762584864556	48.93883385632017	98.08456659035477
78.65101440786921	48.535684713227724	69.74012161122425
80.38114412224941	64.72195783853954	62.84794245076994
79.72664493073313	49.08712433548657	78.79277366653126
77.62380318171913	51.07574220396422	52.48899898574516
72.4383795029019	35.92145997188559	94.12882494574285
76.8947794343143	46.44103474321052	85.11715173754564
75.62090998376888	57.97819132668395	77.13384262680485
75.87494642669611	53.46211395202141	84.43075372780078
79.92253544057147	27.286414064889776	83.22297090552915
81.64957120004757	37.625525149449075	44.59611747724645
81.60820259201812	49.87752446503301	74.89657664194934
79.34064216908145	56.56513469867904	106.30581392639453
80.03153945065044	49.100687124070646	78.43647081660448
83.96434007822313	43.918977993683896	83.28428143456361
83.45552402095682	50.34792857438904	94.42953879148652
81.83474712637222	43.205651375045505	81.61198070987176
80.72906313326258	45.02359158831524	58.33093837697069
80.06618977340416	44.29778149045059	83.47673566525094
80.78867895054493	53.89408813284294	106.79388377610458
77.80676733462008	43.48393038715423	84.75826498623829
80.1240028058467	49.97882482880134	81.78870038045595
79.5668174348896	46.12589659938143	69.20566595352825
78.68887410235257	56.001830137523925	95.11155940628112
77.03173005926854	51.05210953751093	62.125011601594
85.21960243458176	42.445723464615895	95.17266724165543
79.768640867194	52.027716387370205	81.90611839256778
83.83540173199212	48.95347167269396	78.92293963161406
81.27077039397334	38.134677858282735	79.8965728628943
83.14761373701707	54.89324714789182	88.07883186398527
83.1886593050972	53.4027507348805	90.49527592934177
82.53366966186015	41.7902138285646	70.87348139551408
81.18478612389676	51.8471383351897	87.61198120455684
80.08707658084637	57.71154438010191	87.98545370769163
79.86457265110883	57.3716425818624	73.1747790494393
80.30359780353241	45.65417703384705	60.41045159500096
80.4755465993817	61.99306501540495	98.71947635841508
84.34696292453725	50.27923505745901	86.24314264201571
77.33768578083343	48.047693859819226	90.32454531236348
75.2718917442552	48.1253871249365	85.86873120822682
78.15118349410501	51.52620841378349	88.61830546036066
79.05380203584646	35.009749429117775	64.65595896958733
82.54325467958924	46.83838013782732	69.40804964603096
79.39302470816547	51.619379573881545	89.98705398429118
82.9033658607024	53.19647079590693	78.44406705968557
81.79400139701765	55.39839508487267	87.4304903874041
83.60976468955255	54.35538331516822	113.05919867105953
78.80801744287682	55.6676113304616	89.4742854630517
77.59434237147985	57.234383241298836	83.98520972245821
81.71149128788085	57.92537260912355	85.85670786415231
82.06272849426692	41.59264747438809	70.2956496342473
79.61917557070238	42.2253261870387	79.79966036054479
76.91423329519863	52.59233897381062	83.75271775227978
79.42267888466567	53.732746260193444	99.95269507429441
84.17034864744731	39.8104130976878	92.69789970594906
79.67285726502362	49.967895227852075	78.77055766398134
83.15914031890136	46.72742760543289	71.80812179498064
76.64245763803824	52.162404742802465	74.70959124073694
79.04683966642088	49.427175010027746	88.53177898758582
77.9433712204477	47.3090536604081	88.10453978127936
73.17540534330223	57.05846857088209	68.95924351651304
83.44444646467203	46.306153233667274	81.75177133184135
82.0099304814487	36.07116478140208	84.61073533927033
79.5098731909197	51.05877614781679	89.06170804448627
79.20065409274747	54.22661591805945	76.65653882340695
83.93996905979184	29.27872416471353	99.21683793426452
81.2987112604871	40.56470137570599	68.68548527670782
80.23027521172135	38.047543525245715	93.13238587530648
78.41251610890961	68.01665903837103	81.42561076263064
81.32379659003637	50.98403387276046	96.00785805620737
71.41371306169302	47.28115235182578	78.62288255083618
74.10397367463575	42.78008605761344	82.54478350768002
78.46680253855364	47.15340663094192	86.32492521435013
80.2144202046195	42.99760286803588	78.02868891392468
77.94500694188504	42.787132623809065	95.53736575859975
78.28770340090087	59.62658617068569	68.7905658345762
81.75096961939458	47.08526060083881	61.49093271032234
73.63844363258455	52.56566077168299	89.7909759006036
83.96978270925874	40.616639551125914	93.9850101058031
76.59146396778578	51.2817182051242	90.99504724444613
80.25948002543093	63.13556779295317	90.16264428728529
75.89740734400328	44.82583503899376	95.6841234924936
71.65383187511681	53.91884390555441	103.44624033991855
83.13087148211991	41.298973112742274	76.05693255048976
75.70010497940947	41.139631757129195	65.52960073098714
82.7682766862246	48.77168143048563	82.49356113172554
77.00314537272938	40.54906723263124	83.07688192887152
80.22456506490231	56.738843605210526	78.06220590684484
82.78990252493493	54.38096729944441	48.19263486221182
79.83381696492614	43.35759933333231	96.56670318499057
79.96111433073963	60.21506931855257	82.66981206256878
80.19375001318502	45.68999643589825	107.82219903206715
81.01333541893987	56.273296108592206	85.98084333238978
78.56940057638182	53.91137061864867	79.95375960597491
84.84330409739425	48.67274706836313	99.24600030359655
79.63219701445378	53.3146741323706	76.10859687043975
87.15226039538028	46.08955572528845	82.31523867551229
77.56294275402877	49.00517385341719	90.0535358549441
76.49700783848179	47.55451613212866	81.49110704711056
76.00556798768234	54.767147653685676	106.67380273030273
76.23941474200215	54.527661325374964	66.68886318585007
78.9690685905531	52.73518021494034	82.36958223012799
81.17105906521697	54.268995199625095	82.45759432941834
78.4399154670759	57.50959555911331	70.17691490066856
71.7964026690427	46.19666049865461	77.8284632398636
87.17764703579802	54.45718036187137	89.69685689741607
84.01684891765494	55.96718228313573	87.79545429621679
77.57014614459098	47.38301948520565	65.41283488005591
82.6761442226565	49.58796626899937	65.80324239251212
77.15599810075084	59.589989154589404	68.41857839053664
77.85052339255176	48.78701476841678	89.30367322094168
79.14891244735763	48.59724038152558	87.93048468843998
82.49825430937584	42.593473479638035	82.21455090664188
77.13687642576713	63.17801840847428	89.55641380709545
86.62654812584569	41.521473778681795	90.3533487534288
78.29578127834876	50.35202094686647	97.32310504314381
81.32295256432816	53.570809063093996	50.687983911465
79.60054525503614	57.89868147053145	93.0767687683941
78.96299984414665	45.22402944198764	72.41406777265746
76.68614953887314	45.03034533596505	57.22130435932592
77.4303933385909	63.163653676868314	86.99045295064208
81.54035594642154	51.474762845144824	83.89664608440913
74.3058775791697	59.25736618465848	81.8463667620638
78.53557590694777	45.040304989910446	90.55504754513538
77.40410091983094	65.28594891089881	74.01541318760309
76.23810229529295	48.55815651429387	78.78362292343036
81.2553555162874	52.897146398012254	88.81493910635997
83.41612976498307	34.720042600224836	85.49655326870327
83.30035393495568	40.42156503602905	92.40089413689037
78.78476599880483	48.912360166232965	106.53706175141258
77.87406696493339	55.465402148187145	82.02736038523264
78.82666119283863	47.351548660443385	85.1561594112771
80.93915576083079	51.947046708013566	66.60665959047266
76.93753500316996	39.83342763313147	67.3268200519609
82.13236857298088	49.763212416225116	78.13234284775196
81.01167388272704	53.954431002725784	86.22583562087792
82.73237058878954	44.315454614486626	87.94299420239844
79.18054928544838	58.52905165731247	81.13791070664227
75.23547080245412	54.833246871789825	65.23407403150551
79.62449323432875	46.67488390696961	78.77231728996303
79.64241360718138	51.61433580392213	75.23230906539987
79.2685240558581	52.36673031196349	86.20419233370546
84.35243057861997	54.78666423816309	86.56464281571473
80.7227217311926	42.85560377913028	87.85579720102783
81.38018197036601	54.611484061900136	96.32617419001063
85.1523523236409	44.87002754194742	102.2537292013742
78.8691648830388	51.70442260168102	64.89961792720787
75.93829313454805	57.77638891938835	80.63131233073896
82.0451847953791	59.07827036619368	94.29247636146744
76.21111887116624	52.58490908318538	89.8139249135152
75.30710324311575	39.932417283307	72.75905943356513
78.8077551136827	39.20892429555724	87.810048168972
79.39124436949463	62.78560966795818	75.28526315027565
81.85124587073193	59.20024278385089	84.51736429555449
75.79121709648751	50.2372112327022	92.96083456811822
83.80572111756615	37.42823986888838	87.71967739889922
74.83740962168417	50.568506313791595	73.80164067673783
74.8109255002626	49.515673672466704	86.92709955589893
76.30507566770675	58.31878621651118	90.02523255345083
84.26779036210189	49.30430476286124	82.360275275367
80.94519865479644	46.11689967443272	74.25627629743705
82.1864398834643	66.08439394188414	70.37633835671969
81.60741901969237	50.963965652154435	72.31496094757951
76.56132868911884	48.089283099556035	79.52902593460605
84.5956518383716	47.60449718920665	95.37733458153589
79.06815110907998	44.95261543871361	74.86670268574308
79.51492832170877	47.26647960093787	98.42394540624306
88.7207716552731	44.59920899144921	71.93448583749151
81.42875291840382	53.69067323635968	88.05013357958605
84.04103439548689	45.459332813562455	102.92014305548003
84.43491694587344	52.6762576185191	89.83014566088801
82.23532050856832	57.118910245214224	86.86493166253535
81.53112775832533	54.91999596072954	94.10520056419014
78.47119448640855	54.399136779229345	59.633355509670366
80.49372680725402	67.7196211979331	94.05768101551553
77.33280407199275	47.36201994457241	77.04680703079273
80.57669049337655	44.96845614889055	64.17057964763816
79.85851306458368	45.328135851644575	72.1221531342697
82.00366242402102	55.51187285269857	82.91796026274616
84.44887288514285	50.65756470158906	79.69113469991787
76.69163982103207	45.57267655705433	72.64866762928835
80.76965436740502	45.02085821962952	82.50111959897032
79.80042185104432	61.31109180978991	101.10973786609878
79.89777064257936	52.97141264333755	90.11752624893015
76.7565911516514	46.499862151388434	91.51641107257109
82.8344534894749	51.98104501939822	89.42061146719897
78.72253738954785	55.208523611779555	92.86893164818859
77.05513153439034	40.41703034604041	68.81870988913134
82.62664998561624	39.7800570420106	79.54305467835452
82.71963170756085	49.86395332490319	84.64253129895343
83.02908008191523	49.436199729766955	64.08137413178451
78.25563897159435	46.05267319266895	95.26930843617501
79.44903756641597	50.29583587958289	77.89929682404356
78.48750121801669	55.765520782693116	86.3026420420151
78.75568306258586	52.074189868549446	79.99898639555646
74.48350088395924	51.66522857896746	92.22662070752834
80.14127102053403	52.93882300314351	82.32857927054377
79.37935046719308	38.3341536830984	78.13182966035511
79.1578538811613	61.87587432496779	63.41158620174541
79.50090595173239	52.73528574456789	90.92824832047856
73.9155337352748	58.42632074669018	59.264834122043524
74.97823823798586	48.00339085887233	103.90398343458261
86.38571523609625	45.720084970659535	101.49485045465275
80.64245198611279	55.067004515756985	83.9659139790329
80.46273518308968	56.43430498268852	84.04626449771477
76.30708904888223	62.31089024363043	83.02664186571857
78.55303140042317	53.58199361122207	47.920653402489194
82.2432597280894	40.24016222019926	94.21197675557592
82.5812268171965	46.96687601174741	78.41533972020007
79.0443271323998	40.475693143169394	97.42550082093952
73.77638284047372	47.69275599141698	71.42020252596751
82.80635398880256	55.426282244212956	71.66258057018729
76.79968493194256	61.51001117613549	69.93424866396026
78.62436576076773	29.38496459958471	73.31236148584983
78.43821609189797	60.83447896364041	71.0250153981432
78.0972552323436	48.7450135960577	79.7497971516521
80.69359953850223	49.471751431297406	73.33073320840163
72.74699951701666	51.94886577806956	97.11005900146742
80.3478242018516	57.104524179354684	78.28481656035889
77.09716663521316	35.819970958913686	72.29803967174901
82.87740605330049	58.634734893451366	75.53885737826597
82.05291118835603	59.653360827887454	82.77721857953793
76.14311781998097	52.95617262445164	104.55002315886912
79.06412773308341	47.38829256939027	64.15462632987463
84.70892869074858	49.946210638355396	63.73766627051643
80.19670298281211	43.93625215166636	90.21512383122284
78.83094746384856	44.74029484991931	114.4879826748619
78.74018581069717	52.55812152717306	99.8459147810643
77.19769087230601	59.45464122220322	83.75300255081717
76.3888236853929	47.39813899719979	83.23515278246948
80.84265940285636	42.853885964211734	62.274982770662746
84.16758668519414	46.160329582118	79.16254005955615
80.82930367915213	52.46128031336659	90.01334311045274
83.43456081866651	50.821322613402515	90.10489945274773
79.27900746364284	56.929682902824936	64.3264100530109
79.4533249524447	49.834299291680985	72.17694323469112
77.28301880575057	56.1384251433902	79.37966525450412
78.08621125414939	54.391204194204526	99.5579706873939
76.62121125125107	46.626540456426014	75.63170162081711
79.00372512302685	39.86225846557354	77.09501976594565
73.53299957675053	40.12723761388477	95.29757847130077
78.57620406766273	43.09857458813384	83.71514769178324
79.2816251070657	59.12272128551392	113.03064910572202
82.24912694819464	48.92523486790227	89.09310156015292
78.3650070636862	43.15515709808781	78.48871139412239
79.11254048044977	30.509879919707387	85.22727816498323
82.93448893309797	68.60639924550269	71.12281111464273
74.49966673414147	54.076323555997384	69.7121388752372
79.53726379420826	50.07142955012122	83.52378796308761
81.67926944648899	47.33767084682304	61.196520415986534
82.00530204556175	67.56609588751806	65.93355207716132
80.46355235860653	50.28319402184151	79.34494981634376
78.7720864656527	44.04539499308105	73.73361162185492
82.19045533694634	44.94831750312022	77.80170046023972
80.44933018568797	56.628516415582844	74.0135344934493
77.64198268468449	40.77902841401078	71.60284407849613
80.36748991327413	43.64110994512184	98.91089434874945
80.60988010631145	49.200732001976945	86.4716321510174
78.1622613350902	61.260432125007426	89.35787398022713
78.3620977085879	48.17879247664075	95.09121765733985
85.07410916799651	57.22796178100397	67.34683637629225
78.94725574934928	53.32790214718904	65.7416185605009
82.49185460932536	47.26419036858192	88.72035484746306
80.68943583811021	47.24208151663504	83.63493248965825
79.41164830729429	49.718128980437	73.73461016544285
80.091774222564	53.29168785758069	82.82893248722402
77.43919777013681	48.265368573958945	85.41006269992367
81.44799625812516	55.91026340791857	70.93414576311318
73.67985073501426	42.12823201330585	98.30326940963954
79.20425509987591	54.930024621767956	73.3219347448394
77.21479354152125	52.98069700982434	89.88044792310912
77.5381157959987	43.88283668134213	86.37157894607074
72.70621612299529	49.63317375346813	81.17391430866837
80.2043301452216	58.582970825214915	80.99224025705476
80.17397641808704	45.79124977071123	80.81017082168418
84.03782451018444	44.19941279778206	76.42298641517183
81.65274422955055	56.78590831234843	74.5472419156092
82.34289990169881	41.381050330649714	76.9172392744166
84.18729687056675	38.61083203707742	78.31166383041935
84.50533689720562	40.85885407436493	85.29750582464342
83.50982926581156	51.37084913804946	85.88399136763297
79.77119338997387	51.74314891714649	80.21129655418025
78.74086164808604	48.22364746805759	85.4187911033286
78.80901402314633	47.163678334959535	93.00314789227552
78.26754504511275	45.6986425731909	81.65874997481804
79.01309374005606	51.48051319058105	75.13141718396079
82.55492239060916	46.18175107742786	82.7533739572867
82.39158105587964	45.09993364757194	102.50458928797093
77.97089750207378	53.50872112111809	89.86503962276052
79.25286624733806	58.971109797175686	101.07325636001646
76.4992124374293	42.83711182346305	81.35211711215707
82.90415617520358	54.391568305081606	73.88500315040181
35.14009305792566	80.69692060060379	17.945122285505814
53.55814378330305	80.53904588442532	20.40341188452189
33.90427180040854	78.76192198617608	20.394021826090203
54.9090058368853	89.1601389955344	36.44827410339461
55.72751182332347	79.45995032651778	17.803324425270667
40.12733353067113	75.23790569561564	13.240979628559677
53.93676342785575	79.21945004970685	30.148398043599183
64.87378318297154	82.69620304315	15.904499831473629
50.25403170627822	80.77093580953212	25.706293303858068
68.42652210065964	81.8376198401516	26.104832130497627
30.150897857966548	85.08891930762405	27.676351791472694
35.5543135495669	80.66509348898325	20.997421805390122
36.17120726802875	77.81883735760107	27.803519837070155
54.25548189832782	72.67793994810943	26.98547386772389
46.05508107138667	79.89307340008637	32.90057849871247
46.367437041765925	81.75383336637074	2.6447393810907798
66.07032206638414	79.06800030750263	27.479525368276583
60.595782699587886	83.4820112924658	22.798199524564417
38.77181484160294	81.0937615908841	13.847599645465753
68.82083653431765	82.46830677580886	22.644565954378272
64.18377359079798	77.87265597365416	35.00282707165132
37.0616200041451	82.81343408805506	21.135165989728346
51.78089919396094	82.27202047867566	5.527651214307884
48.9921769956993	77.46491138183055	24.749851311806765
44.539508409209404	78.74250169685243	20.41085519312017
46.165512205499375	85.5364921428669	17.698079421015272
64.00500728975847	76.80518907368838	31.20644133584962
54.5552883156694	81.88498834473114	21.833088395656862
52.865201316783335	77.47160023129467	21.246012353023637
51.82101637159722	79.40674032696852	20.032496645660082
42.245216981073746	80.61460342865396	13.813690226043704
61.53254141773481	77.83980813086832	10.276297489643204
41.79163998874917	80.90310349655697	7.642057312417764
35.09815782763171	84.49795169115725	26.64655446052706
34.25238068069041	80.71075447547493	21.92854871234126
65.19272210751251	81.25382037745436	14.985788286279888
61.23237366225438	82.29007234328334	20.060266499789545
67.32689274325625	81.03289222984507	15.749857726993792
21.50926924823966	79.00882756745055	7.670064291439559
45.68871025324508	82.23558719369935	24.064031501452313
44.77020323969197	83.6390070881988	17.127894524025688
55.09315721745849	79.7514565502319	16.508870246890783
34.34380342782822	81.46343261609415	15.704225085145044
37.57726490129138	83.1923077390118	9.639500249650105
46.69543551550531	75.80127879675841	24.8849031959537
52.45157792921326	82.40641152026119	20.92378560929599
51.8202498524718	85.67993645083456	19.13950975021094
39.25186986415319	80.76711602865605	27.05374657984906
54.461753944438136	78.24989204690007	24.356763973189892
65.18742340958723	81.79320947525875	26.041191361889354
60.548666779742256	81.21146181582564	17.50176102042189
64.5511727069688	81.75942401232686	15.800593588116955
40.966986840301686	80.39404924902964	13.879464632193564
59.80968725669042	82.47443407654896	23.898992777838384
52.81242939434147	75.42672028782704	25.422851127083838
55.84507315092951	83.95524082644734	14.65267002487418
43.919040464701716	81.90480636235037	18.04191723138991
38.88707863181594	84.54513353628076	17.211633762001707
42.74358565877013	81.95397489119519	16.077304588389598
75.88904104759541	83.80488226452078	24.61009174158043
56.25144864490624	78.32926710156583	23.728375720002937
60.92885722499176	78.41710455479033	15.492412098573466
51.62467260649365	82.04200573891177	20.460773736501842
49.12806372868713	81.75725083502968	27.92924069441633
40.25476719967719	83.71012510253607	13.39537164376376
47.73183521181769	74.35095561243402	28.895282753405894
50.30218915170789	79.78438566563771	15.538425829770183
33.78745214453837	78.15403001076822	22.071840656622555
41.83224296698719	83.59963387831945	26.196851874192355
53.795889711284566	79.41789727011962	24.9710167844057
33.25931269704813	83.76088444695844	17.212590415889817
48.92655599999527	82.98308405437866	11.495763036450233
39.95059490534669	82.70427368719501	10.387343140922383
48.18764045022404	78.16871979416732	16.431928488807923
70.48117104934204	78.31791515119012	19.104317924783402
43.63041465225527	74.86811139083571	10.8421286644676
48.09007278943761	76.36302051300227	23.70679739134768
42.8578031325062	79.34034943001666	32.35565619646443
62.2147184629037	84.47867677016662	31.425833731891043
44.45119606351193	79.70999032758141	9.987764258161969
36.10522748303133	75.16768426191528	14.726846161169467
61.68696906667379	78.32563543511515	24.721216680916623
57.448780452664224	78.17951874490045	18.977077406862985
64.40340885742259	79.07715614122095	20.817581397041845
34.10770303085917	78.53098256960965	22.78196224501271
60.66170693863645	75.0297907332824	24.674239142164165
62.41916469476604	76.68529283618673	23.243763037146056
57.797921474501535	79.9845459182649	15.966857634167237
55.14643271339255	80.02339756123179	31.85381742068287
74.2594372453924	82.04105556535497	19.033315651144054
63.33621237209775	77.91910180996676	23.30152023715437
61.942051705075116	81.39425498505798	23.22188395774383
30.240977049076967	78.64405466109874	18.52153480606686
39.50491363044335	80.82769675106819	13.364178909695923
40.112720835702135	76.521173781589	28.84045946536319
59.26490669650488	75.00430341006253	17.56656017486595
44.187458046794966	76.79543499504072	26.034446129298416
48.558020199670594	83.48601912237504	25.830850961105543
27.44248413689894	76.884728059449	20.04586956871077
75.38600747724755	78.50593589946565	9.827502056400904
67.20951843976597	80.04926641716573	12.28585774074693
61.49306391050053	82.86502562270742	15.47173799713376
38.16849066659534	81.97032344908868	24.85811255824998
59.22320667034116	78.29889980109313	20.06382744532293
29.709412870471418	81.28142807682917	17.06621817218268
31.007149488750496	82.34505422271	20.641141010083807
52.34542028957771	82.7503571640871	14.74476173437705
31.86794011232177	80.20561350816533	22.798235049183646
48.4143260040901	81.21300229769064	19.221505322912428
40.15924360751265	80.51906832550323	20.188294294868463
39.550445197331726	79.2004030399513	29.288193408890223
41.25516194959158	81.32364778215639	18.83232148718329
41.02496653822699	82.79394047716644	21.713357842162196
71.69604733467068	82.24623633364283	32.66661131041539
53.879062360131876	78.49461901246916	21.476190819245023
54.00656997003974	77.39930667535218	33.312085365780405
49.8279934609844	83.47990559904746	27.639046790561956
50.69409400988553	85.72629325149427	27.75869495345453
57.312507839590616	81.1652982308811	19.593571431572013
35.546221530875265	81.01041747107037	29.487639147154113
41.08552128130526	76.78432239167758	25.2621968869487
55.50731580863101	79.04738929907576	37.07505405143188
42.354874541444595	81.48177085642807	19.898038101052713
47.93560447156874	78.25276657676874	27.684109131635672
75.76611223783402	83.83443243012739	21.044780270422226
52.39608269378827	80.18881417045036	20.117048304246424
50.38093270669625	76.42949027331066	13.428852756498259
48.50612440182738	79.90262098207873	14.080160788974784
33.89669140457252	82.85044701360744	19.337909780234455
57.01470143986375	76.12817852977587	19.90724880238433
47.77960436529791	82.11063900053622	19.77460713549153
65.20150765170038	77.44020308168562	24.02135860087184
46.99684984817006	75.89294030604478	20.497783070691252
29.384843448282464	80.41082199522887	10.020202440717817
61.05409476057366	82.53173048109521	13.26965670041598
53.149161059506476	78.81716790852118	17.138882469519142
42.88265113463748	86.068249733906	18.966891001620958
38.91484670352632	81.47481824188465	20.00850209242075
72.23234021488071	79.26613450153309	33.26111065408131
22.18229533836319	82.28409100645402	15.982119777361664
52.93130090466116	80.08337152855222	10.946784612632515
48.992237388527286	83.45153304662753	17.809898043601365
46.73439898063574	79.67136146998908	9.051355876479912
50.86413426930675	75.90410426664478	25.05552992974933
46.59308363285314	79.20605155843057	21.417699633836317
33.40589364418259	79.67522574021196	22.714586142415847
61.03876271497912	82.01576541339466	21.70848509200026
29.021889435035853	83.82855270670407	31.73210316394406
50.60042468549445	79.5819414316376	21.60569560215112
39.78079376716494	76.53988682357247	21.220679938185164
54.71482822756819	79.88986901718779	23.883344039797397
51.19700655227017	76.1944652232392	14.988513963346117
57.02993148371903	77.35829120616744	27.254630563058495
96.95208526874885	76.01000859472619	19.001527928900973
47.039210076426755	80.12570694973226	21.36644070754403
44.66073390930552	83.10160437554126	15.166773352715506
50.178157395850214	75.85739778285723	22.89981532404245
58.15932775118338	82.61065203165677	22.95717829275493
59.366675962504786	86.4773542094257	25.616848135409867
34.23172171668311	77.71392610530319	26.811067714727983
38.51240845497126	75.73557676880007	16.000491419804014
61.49712683147102	76.93183092772247	25.155571485150247
21.875361246279397	82.18555588122324	18.02184816830299
49.85452907230628	83.81898376712762	14.784264659489487
35.41711235139607	82.7580275607756	25.40095293736873
36.28080747688112	75.65030133243748	22.057852440835717
34.40082185573766	83.21536939756189	19.03632961498811
33.61824662560677	87.52138967861073	9.756379239055235
55.87777404648898	81.62657956359632	21.078566061815536
51.39795952542497	79.44637591826499	19.209293502851
64.59046156340975	75.96588503671921	17.26778239777625
45.69357369791566	79.19185574932546	8.004665635828953
21.697656107394863	80.44239049141673	20.984352061556425
58.028097590499364	80.24640707498865	25.555622761155153
42.399709795097934	82.71470092037913	26.36067910491702
41.490948185084754	81.42035518460834	13.48051522600892
51.5288968147034	78.83334458037912	16.99091747795054
41.891970833811996	77.23890229033356	19.278678194411654
34.198219272396486	82.70451323531933	27.032455267001083
41.808036471580856	81.14863918929642	24.28057545196001
49.03925193827021	82.13991410136839	9.047609582495562
41.859036471259195	82.57949386701813	42.097470791236134
43.822018848723964	77.66790217415834	32.23791125897687
51.17431821480829	82.05076414870672	27.060057340516245
39.76997286200192	82.36238296760975	20.482338627471947
45.6464938399093	77.60867087695877	6.236031863833878
48.85110116018982	80.9435913950225	17.93837254073288
18.679916503575043	78.71704551961544	30.833675033117025
48.609368429243695	78.96052956445995	27.436217256367993
36.18117221505902	83.39129057092703	16.520762985642506
66.02642445552483	81.89058045604227	34.7979835756755
56.657665116825115	79.49578154785264	11.346093646702423
46.88550095567235	75.64026884025175	27.258500792094146
57.06925167489894	81.07802014889046	30.401025366771705
56.421081239476884	73.85082890465607	23.812163790774985
42.05289694029983	83.23442987715109	23.85660013258697
43.6708322092184	80.38296557056924	26.61481581462237
68.10796494129723	78.72156214330488	15.691342906063799
49.57773560765975	74.09412440177606	24.44862957048489
66.88338787172322	78.51039120867125	13.69120424451841
58.0722106198634	74.60343088385393	20.0859853457312
57.35524190460536	77.29895778925236	20.45644877399319
44.22981453032001	73.90283297297059	30.19615216728492
37.49786152937263	85.1897540787464	22.413448758027393
51.42110489015657	84.74491397763767	10.907748575941657
63.05567142256084	82.14132678203318	16.850812428327487
46.158578583367394	80.71984261137388	14.042221967541842
38.728962598085985	79.52375140960746	20.995669518107228
42.37187929223502	75.2562087580194	22.7643553769561
29.48214983519261	77.42268235184191	25.575176644682422
20.571029274867154	74.35252178505853	29.814758670864162
50.08071809080529	83.04921741442686	21.807979520106954
46.77743608066995	84.00193616122213	23.126971688142532
41.65281937185601	78.46696960397009	27.729217320846633
63.84202374878901	85.3407603795648	17.371066748132247
63.71591899935363	77.21827279485774	13.016794926831075
61.2526862065756	79.87116447958498	23.518142386895256
68.33015124605885	81.7810149792159	27.849500063742475
46.50405837038771	83.37508951310626	27.513848886851967
51.4362730611158	79.4093278697219	14.189239014146947
45.05536048479873	80.79348158303783	21.56046946279751
49.104371784275465	79.26294289716739	24.100283956053353
18.80706183810864	80.47550538585594	35.31938320618574
34.94225330984308	81.91478880142283	19.854166812338836
39.29710535167555	79.97503066295195	19.043614156734954
66.48845410044856	82.81582210427028	19.291169579240716
62.130510105174636	79.93860949388981	16.710025122291075
82.51679072060988	81.88125596976023	18.763993235557876
47.52516782123248	78.78043693879866	13.826521066830285
59.67888104149152	82.320685783454	19.019670549811394
44.203731524526575	78.84482717953813	11.988985016519
38.52465148756906	77.84874667361625	23.093061315795758
57.09935801263914	85.09287318156343	17.864680060299467
64.45036414568943	74.5036513663673	29.25767008833428
31.235572053337055	80.48460041935546	16.967843861652106
23.152500007901438	76.21046453311159	20.14968165932982
73.7420608349347	82.1005907275214	4.583466316422335
23.43366755057202	83.54838185737023	21.572075535855014
41.73477970957421	82.78117456431447	24.2408572951789
59.756645965628024	79.14731861860113	24.470343467619184
52.47725875316036	81.64725318026872	32.570632406479966
42.391134683901065	79.40984759605753	12.481379477326133
29.942465985762773	80.79434732012426	18.378788593466552
51.76199659070793	79.68766703857713	19.0596470617275
70.16719836716533	76.32510756107226	23.48249225412771
31.83153660995089	81.71050363078292	18.13342500494704
50.18588164724302	81.8908182933695	22.895968355345175
32.55525271800627	82.19859070451162	13.666834614959814
44.975774035209334	81.78476608724101	5.309036702908005
44.938217121557074	74.55876869381964	21.75518245191217
41.22469360446706	83.30828945781013	15.56870576721268
37.84054994301025	76.35218484642238	13.12043779585342
68.54778193727067	81.11625461640826	25.678176582952673
59.53663057199997	81.46720737608008	14.055129404665475
65.06735217089788	78.81824446805936	28.8370960721684
49.76126137222345	78.46395957497887	13.333609082623862
62.47591067088642	78.68710338174246	37.067659583356864
31.246128111747332	86.25768137902847	26.710820271938616
45.24392639732138	73.52734175303847	22.075774673711663
48.490095144694074	85.87918456129745	16.00498858497618
58.37088255714797	78.16375019069669	19.603430254620342
52.34372606618304	80.25415283532932	19.13481173740572
57.60834389477675	84.84044439396463	12.401648969937515
62.416991627942195	83.68087223710943	12.562492162696323
42.224075006627814	81.68091419432503	20.179204580909293
51.81273318502416	81.6454414289794	21.258288348221978
37.43257483145314	80.25767383860283	33.92334119487081
42.201198279115324	80.6487092407744	22.177530632552774
64.37453149496099	82.95495173829983	15.070738901076822
65.79095904384812	77.63180168372782	24.936958347959283
46.20069518876419	79.86950670154744	13.846013470244694
58.399215036388185	86.00676884003701	16.202481208327338
64.96136873229116	82.32095153898847	19.509145861933423
34.171917912783684	80.55362628635115	16.45640797908086
55.84764508548369	85.64937492321144	13.85930909958069
35.577391274355	86.03815243355588	12.709836629881094
53.25954231322957	74.91764772231808	16.142227096798955
45.039194551121625	77.74919263296105	18.50488742218407
66.36056927312424	77.06838603813826	27.88089188321306
60.56145898260799	75.04982664138905	10.560793563159729
58.79399906247049	80.79233541220151	27.090819344545945
47.95028556740364	83.01411679126291	27.729377796014465
45.20649353660481	82.74980087839201	18.78297779770722
37.997269755628636	83.07442617557507	29.123452452759196
58.50868282058531	82.15099586422663	18.57022892569751
69.5396191371502	80.44266441936504	32.76409200850638
54.15719628276685	79.44526006836212	17.8242375339773
67.5994275766453	79.5279555918039	21.989709830115736
67.36942899277986	81.21453094082092	35.371985684702985
67.29598761075357	84.64793994381527	25.548644552533908
38.31513073677257	81.92028432885242	10.520869898084939
41.17122141214825	84.40753330825822	13.126895119092119
75.96284707687289	87.43624901472849	23.899471774615588
43.46585117059975	81.49907322170839	12.007089828354802
60.09064212333745	82.42999087725832	25.88183739504752
41.335912443570066	77.84048064152248	7.4367321306240814
47.0616809947121	80.34997794021785	19.29583292845363
43.84012200221187	78.99803386424645	21.345609123560155
46.4244048292363	80.44921550114721	18.62818495285129
60.15351472022085	77.3205014267431	28.83014837973251
49.356410040800235	80.8829927289168	16.291321660868846
53.60685056253674	82.37019286952406	16.836542787298573
46.46777154826847	77.38718664509405	24.75212634702864
16.614665268920277	80.45424436118083	9.08316012682713
49.854802315192075	81.2752759333457	23.385659061768322
59.98387326816986	82.37085642339856	24.488803175253427
38.68455202128293	79.4051373684823	27.115120910877057
60.14716788895059	82.17642103500664	23.220144218696678
45.540683808529145	83.90047263760803	10.902106807080424
69.31486743581928	82.81601101402225	17.159853737501354
30.971429456753874	82.84440827367536	20.610750216705362
49.48019043053549	76.61581959579722	35.46070591676217
63.38180571383768	74.94986967747572	13.22217287192003
48.603909019680934	78.45088848232476	21.12271243165216
43.257157595080585	82.55711920570437	19.56071821276781
47.71649243501053	80.89474490262711	24.58191837914172
40.396369619064366	75.58893597380087	22.911471778857262
62.12034317097256	84.80235204009112	23.488948233509877
56.818814651896155	74.71308821304176	14.954119227763254
55.66158934388623	81.36872214650928	20.038614280897683
58.062462286086735	82.18911631988985	27.03240568623444
62.17070340167567	77.05943142579419	17.432715000751706
48.47613130114584	81.84510839950583	15.861861602853637
57.98488954254177	75.74203569889892	26.622089807202194
48.886521319520995	78.94478446282969	24.935682131953723
48.96264450698017	79.66098702759705	15.983305949686805
46.79083635988694	79.83531415274301	12.587388520567819
40.57379921276247	81.99378941881858	18.000523820151233
52.9024569195868	82.81783761689343	21.502437293225782
86.43508432313543	84.34414087291164	22.06738402345334
71.18718612698183	71.09945509879249	25.978944321127347
60.25248420971191	75.3012543094986	18.834085615183927
49.29234059337228	74.52675948489018	15.302660901665304
76.99304602995569	81.34749843538019	24.516890064974476
48.15978831034765	78.0823912239464	31.106876424586467
70.18338961613877	76.41769080061039	17.803468052238273
46.369968724203595	81.60871488891505	23.58058991167274
57.593002717638214	77.53195098164922	20.53229286299465
35.89059001089985	74.14173711407066	14.970705351643886
40.39167845119421	84.70912106133535	11.916643474729751
48.612663793245474	80.05724940412846	18.148951268336624
50.053882916990844	75.70023095361749	18.532573425197782
41.9320129485302	73.68006118203131	18.11709684862975
34.92813370376713	80.03695701791769	25.498962196276004
45.79967810585547	82.2830168709291	13.821010703161768
55.06128525894521	78.36740963173739	21.793829518230574
49.53846553468755	76.38466801948881	13.644697004664767
32.04172979247888	80.67177795233422	24.348062377317273
47.38178415489264	84.31633794076478	12.638360598917679
20.958085355808414	82.87715378358816	15.455492006512936
63.38847988031576	82.96370501634794	25.02262868152301
56.595142752554	77.35347760667335	16.538593399103725
43.2260325215399	76.56514412154208	24.156470291720947
57.78383747876924	79.8653285690692	6.409035994383688
51.72067625883612	79.86525045081588	8.045453811261474
64.88767217669202	79.2196789359765	16.059183381697878
64.31252882667923	79.48937710120825	25.847991903120622
35.81406148770641	83.4188569404785	25.976583704537724
41.47337679320712	80.29030561425029	4.255427967689908
39.63795169073764	75.62947527677413	18.229460945204508
66.0833915025436	80.21996061884481	6.680648616996841
56.315566583781674	75.60762415590948	23.089809929536766
34.17320755807769	80.3057114040426	11.424832256116016
34.35382049488729	77.28051404836376	23.638624180371103
40.624192370867895	81.83620496056504	17.600159901717817
55.568502177546854	75.6945010889182	16.284893907224756
54.67705427887513	77.35126792986333	26.16884275338426
49.977907382886976	80.56684217615367	21.810708196739693
51.440589178514145	79.15793473509211	25.805737174941093
48.827893851966564	83.06038702081926	21.259906369724924
68.2385545179871	82.34631781632491	30.131133179397665
49.214793548605165	86.45964975684042	20.469693007191683
56.908787586890156	80.66116558113214	27.397817689261874
46.402310627366774	76.52108696438927	8.62218862441823
54.24954461953008	82.69391582903727	27.74115248780292
53.361845444066056	84.39784514260748	13.468761781011782
39.8591144929575	83.16478275842573	17.788824657715217
43.04424057589023	79.21406261794225	12.090611664967179
64.03118122484035	81.87977374926687	23.851147080739477
52.19177886266997	84.04582588276969	33.0566654009315
49.49843454834656	81.16525682805575	10.010044183417083
64.78075476526544	79.50043801017408	16.380186170865528
46.65167071780408	79.37718869815491	20.58622656689293
44.92687247197644	77.35825934550654	19.65215041942435
45.99181329739979	83.87523795429298	22.64216747340109
66.65547827135993	78.39251891750148	22.910978128467086
55.43077191776618	78.67285607670875	16.188537948969714
36.90315822667955	80.29230545571006	18.90108275625532
51.10621083865764	76.21724429561726	17.54819174399961
49.187201895495974	77.4367655501868	20.531029969812664
62.51873574491978	82.54051509353461	25.21743258033048
44.80552683644734	81.47840641456082	7.5981380359645865
50.27776274903186	81.06815382236846	36.669566509183326
46.82427859153861	82.77939783506697	18.607081221850557
41.722184837072206	85.26035586233543	23.06768190131445
81.23837975940918	80.12826273681019	17.68146556553601
57.57021285065943	75.86167328635716	14.922420796007625
40.82229790684745	88.77596548438694	27.26718164411898
51.7044836405481	84.36294765912075	10.779362736653946
42.667690199889364	74.84971990715442	14.514895224447725
30.91724055722451	82.56172228320868	10.65651552213013
36.25693761111528	80.96686319859275	8.280789031414889
44.064816401822235	79.47900017251462	27.01076508808088
48.91087052776762	79.21207165695381	33.9574657731157
43.841510537946476	80.40000656163889	13.50078070343121
72.58853127630972	84.97279748308662	12.638769190285888
52.42640513091645	79.61698788797699	30.058948777161493
74.56402376322349	78.12418192055678	26.43796309545704
36.6075750474611	78.16876297260407	25.40331226013638
52.00240322546916	82.74407758598618	20.364965600385556
64.3779247843487	84.51161109794698	8.833344650690112
55.38552347198501	79.63890852702622	21.76896771404229
66.43870607298716	81.23338600589531	14.10919817851101
78.67219860741176	80.10384739971484	15.929775310596888
48.31727765632438	84.07616862756745	7.1954452156260675
33.526458258562585	79.11393550156043	13.926900361037635
44.14041446279538	79.45951753787944	20.845222902750955
53.77861392184475	79.41775481032232	14.673068083973131
51.25128228075206	81.60012948657955	25.8029636934889
56.14572133936349	82.09730172851941	21.775388684940587
48.599116296046056	81.43437444680109	21.018251629943904
31.600960702968276	82.44344479835875	11.596748325935089
51.043416321931616	85.36662172271154	22.773395269355383
66.69714543869799	80.54629585633495	19.932605815287303
52.47672079916719	80.42040524533873	30.916302210175978
51.372950414452056	82.90063572060252	20.84258763322368
23.54273736841718	74.62109823477279	25.083375523738162
66.00291495710337	83.64370548214983	20.12177026738235
45.82111253611692	84.89959439914432	16.468997276707455
29.85121272115496	83.26109037237754	23.38031149154171
57.858823238365694	79.37300925346192	31.058317373987702
37.122175300985646	81.85017195680568	11.999589275826121
60.50619398320559	83.17051867980858	21.347282694585655
52.32537176899117	77.52863441462426	25.14749775982176
54.83928691179851	78.69186848953859	12.43267151730041
56.06889932752141	81.1760463497679	10.451743963357995
51.01073310324089	80.14376446972787	26.163960242446617
53.291976257364695	80.22051774117729	18.768287644260184
40.48747403339174	76.42103876884518	15.255078259323597
49.59875937740306	77.82153581757342	19.410598005228312
48.97737610065917	81.50506381947817	20.961654175047183
51.44548255122428	81.81820292780019	32.50169015339857
63.81750249525283	80.80924488735488	25.64568533332217
53.80153979432991	85.27670219844202	15.586309832807252
44.43300109362862	81.53908802767286	13.151725634544007
49.34141349840988	76.23520875256939	23.772621531511163
34.21858679338794	80.90146837331291	23.47227602667214
31.65619243921168	82.32105028465264	25.619329144572685
68.67235876492654	81.06786495448912	28.59971323190625
62.46707213660764	83.12562898107416	13.919235848454385
31.624908019069302	79.3703076649992	29.683004745055293
40.81230649909618	77.59040930641068	21.057216252498126
36.668990967721534	78.52446182016283	32.98450062246492
55.43234225817194	78.8813169457509	16.421873530788034
41.28710837196082	81.31046744974275	22.73775079591293
33.08569432177822	79.34140035847805	9.007319610512393
32.065677761483904	77.89787589188003	11.926802294908683
39.56026301963597	80.13752796021231	21.54942552144952
54.33007748764043	79.36995511599456	15.43453200014015
46.61367895846334	83.56372163847048	23.442846630138597
59.67997598451496	79.91328937238009	19.456785171620744
56.83370465443921	81.83651957426848	18.177624193208615
45.97242829359014	82.3363647779651	18.28699512158159
57.49924778967791	76.39401861360416	27.61930992919743
52.95673147211582	86.86809242826834	24.570825153292944
66.96241071664292	75.69196299160204	9.702051719518217
52.18871714597869	81.47975071395743	27.90676114920933
61.29369503375756	82.22731219226357	10.893044846151604
50.455385045965166	81.55725305181232	23.807512597427756
42.463713654669114	79.10190080386847	23.867951746575944
57.99755606472025	72.38519739215032	18.064614257655595
35.69206106148283	75.7068292740291	24.785164306420214
71.71594444672797	79.68314320108809	16.121151041166595
55.31539387841137	84.60433910396215	24.60137305113261
44.86879428230562	78.83518650448488	33.768599728462654
54.25452121482371	75.51727780784653	17.569978862745515
67.08742913268907	78.11558506956355	13.54662487009523
46.21443502667539	82.7927721646784	28.599172569535785
50.79225814153953	79.5521717186482	27.465124158701265
74.48367096912332	78.93600697758335	10.426201472193465
62.20035945020683	77.92787608026907	20.207367411916746
31.674500010849204	78.84751186202323	12.360033049089736
37.33017884507217	79.91160878371045	25.762576810083793
51.263097028371334	84.44473150114631	25.748069798379333
44.754455922522965	78.31457026086184	23.316785939905664
40.70814511208964	83.3292262654129	11.21395911123186
38.696947290998196	81.58787437150501	28.841989236157588
39.82959837204202	81.86828076799289	21.35711123054173
53.12782955059382	83.63174657743865	24.655803115266718
48.66021462906946	81.4059503600212	23.348044596579545
52.93260461384996	76.15275793577497	7.131745817694599
42.075307426680176	84.43944266263969	13.999925983003376
51.982558418034394	79.54956627397264	13.86228792283738
64.73182442688415	76.49152877116836	30.916490205726827
56.35704819496115	80.26231703408898	18.993908217889707
71.00285561720865	75.52479232515725	13.967328325200018
49.76079054229951	76.69135709457167	18.75536106449771
49.73988358956374	79.13324544213006	10.915130335547397
61.09604415064052	82.98295752877182	26.409234514873642
44.84687354170639	85.11895875833267	15.153780294845497
