14.384585864938893	15.431297635371896
15.478262382593728	14.497912329956911
14.786621221567973	15.305408059791342
15.07000590338068	14.359719992425116
15.615580475044	15.44087771590716
14.753041023596834	15.16834877739485
15.703340366769053	15.554063743719352
14.794109922253574	15.053218434870411
14.154743614056645	15.09419420659949
14.747896229159958	14.79709616473999
15.188355199645425	14.905026360977402
14.581322747657023	15.10067695251465
15.434878539574177	15.49952739832437
15.615707273480442	14.484865505286688
15.793459651880413	15.526213615995406
15.43275209518458	14.773667707981032
14.961353107881402	14.81059182476814
15.484773777814349	15.61059062881727
15.423762003179078	15.465688208423124
15.763719030845103	15.468940744108071
14.894813826470818	14.152156080701554
15.759861397008313	14.467921323775759
14.574346546990132	14.282740143130507
15.725166638030394	15.313941333983056
15.004854883183018	14.824882522877587
15.659985123111557	15.406170837930462
14.708974463227243	14.124474364908398
15.09797954132212	14.688150512221773
14.72519886465808	15.631615712497194
14.756243570618892	15.379562183421884
14.672108367852674	15.302643616003559
15.420594108414537	14.602867269988392
15.123423499882872	14.788385025097849
14.509434723727512	14.36448549712498
14.384873913073271	15.090029918609234
15.582108146676159	15.06701912764396
14.340091459112982	15.11012950293755
14.278839363913564	15.00158728484724
14.922965093551674	14.14504807465529
14.748195933660933	15.1128148465882
14.633346063480463	14.88104314202966
14.774852793305017	15.33996666129652
14.712541534374829	15.0372959631773
14.176845481164603	15.125098560804163
14.81653333075556	15.314749533610366
15.261670797243106	14.395759279316703
14.735947977147202	15.871591739443828
15.518427541290674	14.50817255812961
14.790090348774632	15.361408107877605
14.65160555940661	14.255827004259102
15.62186797478165	14.930334838963802
14.04477590196708	15.111872233997278
15.00399468151929	15.614545129389425
15.101954406403777	14.691965327497252
14.962819751280426	15.156396101547903
15.271148367729971	14.760516835716722
15.28791338804877	15.830374815618791
15.105872624149185	15.543229205566226
15.49381378373417	14.446574886046676
14.79415032825679	15.32975638887883
15.192675259048107	14.29842700133506
14.796437936526793	14.8947661902956
15.409846952576041	14.81233664429045
15.586622422459374	15.32970411960959
14.534208169945096	15.15151145196899
15.141639674611492	15.188287423573598
14.512217776246382	14.527757054607378
14.45733890604956	14.683164809441385
14.96874107713027	14.764503393816161
14.607291850963252	14.685907177223445
14.871072352694764	14.850138157300904
14.764725304376318	15.376467631210089
15.633039022788457	14.315099658541403
14.477547291826522	15.179259195526836
14.50500626873507	15.55526521992019
15.202414392357355	15.77662581143681
15.76475301219902	14.948323592837056
14.722671394843854	15.837242249597898
15.891708712040687	15.130619686911398
15.103879644945753	15.36978192873931
14.843401308325829	15.157226027014175
15.32183447738282	14.473734639771376
14.949172195467494	15.132191295821608
14.221791736020053	14.43931346485697
14.517745045285242	14.459923607252973
15.073728984261326	15.09782381833014
14.83825170444914	14.577308304176775
14.315656360681913	14.561684945579088
14.509650210301643	15.150506696250634
14.565814526676329	14.151727609585963
15.478480772701438	14.15286816547889
14.478702989483548	14.823491797635587
15.671151951182502	14.911615062242836
14.844455686430203	15.403177488305243
15.13369620065338	15.925602927243116
15.683988217574552	15.619181466867724
15.57340173019298	14.369347715488573
15.042827485744432	14.450968900120293
14.732223133979844	15.491761203185103
15.516259104563868	15.006202127762146
13.19869858269798	9.75638854423179
16.68726873230418	20.444347076368388
19.734756265448773	13.298382796770868
18.9405785291718	10.969619081556893
9.69691911708707	14.63294671974955
20.974694538174028	14.94483487135148
14.5653651820798	20.093822596858363
19.717427250868415	18.315037186267013
19.933226556801124	11.865182960777581
14.620920449745034	9.172677997303616
9.484525579104696	12.821695214168438
10.503547657084258	11.36932912462197
18.09957526614143	10.351342647194837
19.207434470407048	18.906224386913813
17.914855148747353	19.464889661433304
20.047862665632856	17.559387297808925
13.58451687896693	9.457384054397604
18.62046769352015	11.217950343866537
20.075897755377923	15.187657633677189
19.30644791731853	18.909462274695247
10.169605453092618	11.701213922629073
12.724786791176772	19.906645719273712
9.34736169084819	14.087104638554063
14.496263668458385	20.67178906281992
20.1866297514887	15.881540922530192
9.70206434919993	13.341355522442253
9.107245673599422	14.410374410024232
13.046613341635748	9.72045422168473
10.54916110438265	12.345157023139489
12.522027496861874	19.874155443594503
20.73610502296693	14.774946499889806
12.575493504240733	9.578330698927907
11.857571154783654	10.118334422643679
16.464916830286207	9.825732717093555
20.195228152344967	16.435957432429117
14.554938564765527	9.174926504547644
11.106154494884574	10.770015233075469
10.412497578822798	12.839240677974512
9.526801593934346	15.945211772432204
18.70641967534054	10.812252391241035
17.554246892034264	20.19043102291385
19.579546961205935	12.928750161211362
10.027173058132199	13.558669445063677
9.972632814937405	11.829386655127333
9.352259618682538	16.734241749839338
19.019693704134916	18.30218219351707
18.602467587567123	18.47384033801636
19.76011598963267	11.683781767365886
12.301168902169724	10.338174424269898
10.771867964720565	19.197042821032532
16.167631394965586	9.458655999893807
15.028144308566178	9.460969624926202
19.58609820587118	17.2992123922326
18.56296798143422	19.706437962429767
17.39639231771708	19.450728471786334
19.615287127461933	12.681141327825319
10.303167246464936	12.947518633778655
14.811412527975815	20.178378654878923
9.876664820153653	17.063110947608315
19.831642707126917	12.096245715848722
19.97636945648314	14.243356136582436
20.404736788121244	15.82201861693412
18.081136059143034	10.350278760284164
20.039501449388165	13.138807610211785
11.794182119179858	19.371295212300815
18.364833047291675	10.468112667276834
10.018175497610343	12.91510996313387
9.63044719402918	17.508305037716326
16.11151611097156	20.6538602628372
12.957622860591524	20.234741589443452
18.31533725750036	10.562021838860318
18.3828918972315	19.86286069950987
20.56986563133631	13.903836855513605
18.270788000911022	10.862713912709433
19.61369747559584	18.34809446964784
9.149236662384741	15.779233594701344
19.15568218182553	12.046804860137946
17.51683487877524	19.511243141676353
9.806783516827592	17.669319503785058
11.352672427712072	19.20117672458498
15.549111274207108	10.019154842902498
19.179110331776016	11.167302183633845
16.5290775382905	10.154169513504083
13.73117350659474	9.763475202708324
19.606372416034862	18.21647515566108
9.85082493728866	15.215596389245798
11.205694113432283	10.446969057386214
9.53561048875677	13.480339462186762
10.17503392396429	13.506623608726109
11.854260631832283	19.54036285620661
12.399206194064782	9.83448271315153
20.51269607372604	14.457245253226839
18.078381482266597	19.886630215974606
12.25317141100938	20.179031529670937
13.64841010420421	20.675985847739163
19.984194854481082	13.180460271458227
20.35978412497841	13.390649479154414
20.706219620692686	15.269820599575143
15.9798225894662	20.52072888843918
20.525393985727845	14.472062323485371
