15.159815465897672	15.055295854434393
14.769137323401258	14.978347528879958
14.838581070294511	15.048056961743933
15.026317266763701	15.018831143199629
15.03696047495479	15.081744140159321
15.222664124191676	15.081033211674903
15.010805117695371	14.988731800868354
14.782364058422846	14.812463157874056
15.196036423982337	14.892229273882961
15.140075516143856	14.78372107979951
14.93797878413711	15.113844576760425
14.928935967896136	14.959124618092604
14.919346362994036	14.907982403026773
14.873088305847538	15.14648429142957
14.998349930072964	14.967727510471706
14.90544025286832	15.059067976111056
14.966297173796914	15.115749555412233
15.058825236856876	15.262187912618286
15.136563462573694	15.182421388986498
14.807548787509402	14.995186944407475
14.938552500564821	15.097367284052806
15.22766237774666	14.869034591019554
15.10295073059927	15.045641766287455
15.029506830622612	14.840613694960467
15.178015769968715	14.940389850596771
14.989496700890305	14.74194825033528
15.051937640124745	15.011548947022794
15.038611182506763	15.084394239665665
15.020516001749714	14.783471471822224
15.29653394009318	14.976877208199136
15.066460352595024	15.103173872427586
15.146853065428965	14.742788365332421
14.792420696666717	14.818737965276181
14.880972460013446	15.032381583965057
14.91717118824741	15.151300286117614
15.210533664144338	14.821622525409206
15.193030327174545	15.120091087534549
15.122886736279463	14.872815884622359
14.724481771505994	15.099030881502214
14.772118402773371	14.881039096249165
14.927851057544265	14.949674650243612
15.007091870874659	15.165011343903538
14.97114055738746	14.775480121796699
15.192388291476083	14.885582352608681
14.91173340642199	14.836959512687521
15.239653353359769	15.1694891614136
14.781016137959844	14.955346542856017
15.038182893113259	14.74404942835806
14.835110884814974	15.19192163618154
15.258396849257144	15.029419811926108
14.909767269017507	15.193742543198498
14.89589949836928	14.805104925099908
14.869506122631785	15.265194064662401
15.118399234488926	15.275418183491494
15.119978203711728	14.943732280460369
15.166127118819782	14.796723296525514
15.201824753005416	15.068408208771872
14.987636612805572	15.17609057003548
14.91750623253141	14.840941891619059
15.050217784532247	14.71396282199518
15.213777538796613	14.944176369603666
15.046069778922782	14.78220502903675
14.791137435155688	14.962912043262001
15.145704633909043	15.008630721083044
14.872671634010796	15.180150607956307
14.975894110257736	14.75505157255537
14.814315419891956	14.990476426344154
14.927503980230574	15.112096053314353
14.856648397452716	15.103196829090997
15.039696472812917	15.137177714138705
14.839894510840235	15.203571918884426
15.211040790291678	14.900323657928013
14.845893901587768	15.039889604518546
15.009861878327577	14.922573968374962
15.029631988204418	15.084507312793303
15.1695031397025	15.00232064775272
15.037816556605685	14.726483397200276
15.241313088111177	14.956514860928282
15.01286932208248	14.973020069244912
14.937477291264177	14.971456872132958
15.103417677833395	15.08817489869959
15.073421527806552	14.728122213181134
15.024886350757795	15.288721837541166
14.970170958438182	14.801314561083803
15.083909467399753	15.229395318873731
15.013803625168656	15.065311619658743
14.784265684180664	14.881402939728895
14.852703965722897	14.837744939179476
14.88593862546784	15.05990125030836
14.828495030420685	15.118930693204357
14.994216224676242	15.047912405702885
15.152811011618333	14.8565993094541
14.76705130287083	14.859679850243763
14.843466521530562	15.195877161974504
14.969558788740338	14.840173493934497
14.942097925606221	14.75517806174115
15.097288819953736	15.168619459525683
14.801182658582967	14.876247243929758
15.11266535763703	15.024316540589435
14.962268660160062	15.008049898214347
15.954155600096787	14.696699941516233
14.945669786904562	13.948151626359342
16.013168609054585	14.575809172606732
15.532497323729405	14.074325330457679
15.172720482311421	16.06414336373975
14.793534842649878	13.960504181828433
14.684986246824048	16.02060344400961
14.016718199468162	14.783057366146325
14.1737451933206	15.705034056749355
15.134868718003242	16.04620304336072
15.522268081634182	15.888887670542863
14.720662754334539	16.048642783880958
15.322501020717654	14.025264627138487
16.028365579535294	15.03194810737531
14.525548189005926	15.928132982644073
15.341369231379979	16.04048086594831
14.913893533915436	13.974818361573627
14.519232995364943	14.111209632950848
14.376734203632303	15.81356058261467
15.398623699959096	16.00035883686775
15.849775422863363	15.57255833199124
15.072525214857977	13.923443767821828
15.028462538551054	16.082426542111765
15.894263363770634	15.490367098849642
13.991041745839672	15.135588757849531
14.504874917540027	14.01899055804424
13.925441392710223	14.927886066452793
14.10833132695329	14.52300841442136
14.876097545187063	13.923246332001659
14.976832055563374	13.964745807291875
16.034113603628047	15.34160706564975
15.465866489641911	15.931200844203683
14.013081186096674	14.57187770984501
15.982372305496002	15.211654018216707
14.053555606226835	15.382296239653284
15.644289551077923	14.164499576352759
14.082628602492061	14.452641560401347
14.624235731537434	14.019065387807808
14.336380770821718	14.203587347528705
15.422830213822849	15.915267012291334
15.77341828499133	14.352752256591957
14.935201808958835	13.9244664834743
13.964409678691483	15.186266260474131
15.41330844107544	15.940605834515157
14.647540888012799	15.989527559668138
16.058258046012845	15.145090665722812
14.063495779044057	15.464077568594016
14.119517485052722	14.378116773990465
15.547252722630413	15.849605057778891
14.782643803321212	16.056647860379442
15.714122950178112	15.831034169697853
15.273963656969224	15.99123052594425
16.08520236441999	14.89759080307433
15.597141186276462	14.146641381864388
15.848605408593611	15.615920689480632
14.306198183600628	15.798864582483052
15.93247313099508	15.37858829384199
15.277613683862215	15.961080151886216
14.068200101346145	15.507712241941324
15.810170607400346	14.312062264920028
15.901689182441997	15.516297453928843
14.59793624474367	15.937501404621877
16.05419964442944	14.781200764901069
14.293381906757599	14.230568487416548
15.740263245719676	15.686613077897041
13.98383798430775	14.940321766507173
13.95836083528032	14.93423774721382
14.212966645764642	15.727978464993807
14.479758859652424	14.130464589436388
14.644405729486335	16.032733904860297
15.323044793422762	16.034266641031373
15.438072551497378	15.937797698434654
15.983609278229968	14.738939475366648
15.194862138518927	13.91784211228712
15.897385506874919	15.5022807380967
15.414401998705996	14.057058792030476
15.900274252820212	15.490354597251379
16.037466607286106	15.364718941353196
16.0553707461098	15.255086762763957
14.649844831593782	15.994432083494148
15.506424304748036	14.128976766749291
14.679392894653844	16.0322224229822
15.454001227518582	15.925865105071539
14.322766877322655	14.176441824279962
16.054932708752865	15.256522571585467
13.983797300494293	15.32218408139101
15.605608183975338	15.895564824468178
14.141135048819056	15.572683365188283
15.280039729098247	16.022474520085872
14.380045264796333	14.16736856483933
15.583113767008072	15.871455346465812
15.882077333989631	14.469728986604238
15.768992792557835	15.681302915729457
15.964202168500892	14.59259746505047
15.29756231649086	14.02440805165417
15.471283564715964	14.016183256427002
15.159356112096185	16.016089811551073
15.968337058904442	14.690806559251559
14.275095654641525	14.220860866674098
13.918849753356469	14.89701358868547
