7.559531935290661	7.480217216525787	46.81734984616891
21.616323207006904	22.816289983043436	25.264902405038587
24.2495422044425	35.3381235417111	68.47968933490846
11.870411100635657	28.810896786930872	50.59007698768196
23.58126686861889	27.744837151960546	36.450312457518805
19.02822914388446	9.585964106097606	39.31400476811801
11.456719426721072	23.19819751765542	59.94972120844667
0.5573052153252149	11.30410130487891	56.85478526406841
48.969671335973665	27.304325772854188	38.71373846533623
20.058373941309057	12.574406864464317	33.82817772443424
60.937678664055355	7.439542977281764	49.50375828415859
42.85023869121666	26.175838881103594	29.381652396256815
23.064474421576826	39.370954125820504	44.36227505517477
30.080104393717917	21.032497725977738	34.428095435025924
41.671306984883515	4.7321946304591425	63.54513410954825
9.647644648879426	2.014550291596244	61.65555550381983
20.19775476203375	20.566336011752288	70.7662734569811
24.54487131709846	0.41075242263696055	34.41941173381991
34.74637232283041	18.83915783041702	50.91626082244771
2.2693686435341363	24.41379199119955	73.42253424612088
21.881994013582222	43.44908232981466	57.728658927458184
20.271426863932824	39.383826556649566	84.40883743931938
5.492855152432979	7.212271668422389	35.86696985654786
14.559886667422276	21.521735730102744	64.07785387485933
13.848948290370513	25.30464888125413	54.68253195504321
8.417738178783104	11.10680106376898	67.14801416528283
25.01011339196114	10.81685631743017	43.111432273252674
41.43429973560815	28.281982969086947	41.165496103647044
4.498278305575827	51.25470663881267	66.08076751132603
19.23756509246866	31.2296770129982	45.036397688949876
18.90090085706283	4.804909237824063	46.704419774350406
19.727571690588952	6.233608591429103	40.2007783358587
26.237815386378546	15.75462746157708	48.05803482365463
9.738506734863448	12.494971247347422	58.4563791409023
45.34972093780031	11.122763149446044	56.312739020293165
4.506216287352881	55.454522332860826	28.450946889254052
26.235320239292214	23.801040572079003	57.97091028336758
17.901917835949046	13.264084750482493	47.76841832541482
13.151005979768945	44.815268400026056	51.337462998018054
12.19756892912603	34.601120029430625	58.380273969576066
10.209064958318377	18.986367289575085	35.23790604874844
23.662926690340058	31.36610682821135	52.225507547335845
26.26434641144791	6.022723105156052	25.484033420005375
17.948893022024812	23.470066714610187	71.61551661875647
28.578777157616102	44.57784619840139	48.42192811881616
36.41312277596185	3.842502161374778	46.61106423298717
16.11388029206517	29.22486290316174	58.46808969919134
17.71370992166128	47.383634435397994	46.09812098118275
21.02391891190653	23.452852372771375	58.166494799157434
3.7269048514150285	19.68358182546796	45.073798802595654
31.00944991493201	19.34025391616297	34.38313856038016
39.270553349877545	27.841279875618774	43.244016282829556
22.355236019581785	16.862677310577293	74.24683666272897
34.80359032948255	46.4413189175706	18.89809207931502
57.40679028027308	24.38237193506447	45.749824707632655
2.547946135388294	1.415354808139579	63.098619843708946
16.539537359599127	27.9945292821123	57.34945532266721
34.108747505655465	39.72885559479116	67.10109402441654
32.48532381275255	23.093670349221988	64.43892368101756
59.74440707691825	15.658339018568281	46.156822413076895
28.06554400954574	18.7547053754948	69.63113556086708
27.620208795478334	26.988221409533562	19.10079156261091
21.303081178107888	27.21969079608575	37.98523720900008
19.07228868207812	55.32831965712481	52.128082798975555
6.877998008130643	27.418620291724018	42.888744238177395
4.536807917538399	20.168143085757443	49.539914136300105
14.426829805086168	33.02600256621487	63.78493346719108
13.944427123169934	39.152649918352985	53.6782240951224
43.59951048376468	20.46074491594183	68.37465926694212
67.52853421492395	13.028953431282247	57.43372399913326
18.22279510013883	9.3795026013186	74.55160790933182
11.469773832105703	33.306505045809566	49.29051764055087
2.019080366310604	61.526441737919356	30.614311757267593
33.02233641945132	7.210658324857652	47.18781515102881
30.506229217723167	18.13083217929573	72.53797950245976
27.317996237936768	26.41544171020011	35.324571309496406
21.316799604573458	10.247782518506808	51.61499429032434
21.138387363575607	28.486751330502756	37.074922704075604
38.871567299482855	25.537026751676542	47.660304633236436
24.056038786202386	7.963771411053601	46.91226344189631
38.35184339805612	21.127377411472526	49.08581905830427
15.870163133171067	12.525328080949896	33.426560329570165
18.696041300612677	41.86393928393808	70.687495569263
8.510547728610286	35.39095862987409	35.68514366161631
2.4752957459747904	22.638848551429646	56.48094371457505
12.697513017532257	12.4475470954966	43.18629124739492
11.227497011494307	9.929877320847265	61.6755440885007
22.71413281706763	8.13158890075194	44.52447697415697
2.307062177037377	11.167303259038315	43.03901094402555
34.75434927251831	35.09440068464842	30.847046246472758
19.720963210474288	30.75911304634161	33.12056371607231
26.972811366545955	27.30531881062614	43.53035607976292
45.90291664294931	34.66779387585653	62.4225515913007
15.079877460903672	38.495835722176935	51.781737032518734
17.32741930173748	23.86944768799912	36.03566948612416
3.3356328171816187	6.307709157772459	62.511301264827296
14.98823837738796	27.573668145667867	42.30333575028856
8.610417512242309	14.419820472085753	36.52192948059984
8.402210331066755	43.62428247234033	37.848959246354624
2.2794004162605113	32.81294376100935	63.405197578055066
53.2844789773	15.58839329798945	44.01998801248577
8.11660760953052	33.038954214104905	40.35790263246621
46.82201327696343	21.818182720536623	58.81121771639356
35.85941678406312	37.20879477838635	90.3451525448401
34.234212645531194	31.46542517333551	72.5280065801087
58.132634759168106	47.51035682498684	41.92381138161235
28.074328357775478	30.073397287453606	45.4544188420656
42.130135002091905	16.53450370492725	67.56067848540705
37.54128628222529	50.045119876730624	51.993887100704754
19.41016218566529	4.110756930057928	42.49470385747428
14.62727120019139	31.010903569817188	55.95267786913261
9.355547609745916	9.712855932258128	40.30115144674742
24.934448852313757	15.205941878674892	60.077477921221586
12.778352720406346	33.76943922869084	26.87942066811913
15.021565368182738	23.466446057845182	24.832061278390007
4.180095161108406	52.713468129846035	72.47317827273098
12.314566072570345	22.212013248420924	53.46610253937784
15.158655348393486	26.483319764834704	42.21350879518638
27.3924293515013	10.121182962225838	24.952173373453252
3.848779963316108	36.56201060413376	40.887526995439046
2.749160277221307	25.596423535360252	38.78663968744945
36.046433724168104	14.204573709283729	37.37950891511086
32.845237144391085	36.3507688356967	47.61649958274455
2.238157119218066	3.3603948011035882	22.855675843955378
26.24703982318664	6.7561796410430635	50.84576348351351
4.455935606783461	19.843644634130158	42.22823813758558
45.87296027849628	26.151404131136246	41.646613425606596
14.160000075130883	2.97951908267337	60.50771754031245
26.00640112903332	26.165584906128018	75.71492937687925
19.3645570447553	6.012686664968577	26.18827582396787
49.521073063570626	3.804713651678121	50.66869127548365
42.99039092870031	31.500406106852385	61.948599825051716
28.141438470788977	24.82701832464891	21.824750155382212
17.57568029421062	20.69022258301953	51.56241965876282
33.30255643857544	46.39422471062353	47.93527933064619
7.36824022315465	50.75080223205356	27.059089558457917
3.6466947381576844	31.108330130757956	36.78966154576178
16.13986348591189	5.863781328346644	55.69243680932478
39.61533067748459	30.856043992942215	42.89410042727738
14.585557937903138	16.58737201005103	27.611471182612725
45.32785083149132	21.527335231727896	62.34772970202116
10.028705694097113	21.486855695591647	50.35018821132936
6.241194496599762	34.99619242080706	36.10786161078594
27.11933737239242	20.651801747706582	66.95191148259306
18.136129257287113	8.370229305262647	71.02657353041398
13.984254059518433	46.97887000572247	30.608365564270894
27.793612819364103	29.291566860005716	52.91660817371255
31.72367538855204	23.201929455150548	40.46519079940829
57.25861304810667	29.863922272620982	48.309247979222626
47.53619234899422	51.86892326734296	40.516658453501535
13.428236022694865	20.686698337169663	47.64308852247156
19.919925943676823	16.76137361224208	53.666625146158474
9.254120740224907	10.755061884038236	40.832844887274376
38.865669005130314	35.084523613955525	59.211285456007076
6.556030188398584	48.152307368152776	74.03901136351377
20.742075584398687	46.40399153838244	48.66952166332187
34.75928690943266	20.31250247509296	78.07025262469608
25.64266459488485	5.725672574040052	65.91529219124365
22.473573388287804	32.38870731597714	69.43650699906176
18.70001823218211	56.78488574400851	44.872159915569334
0.20259606935850982	8.938927600347151	50.3931002838598
11.429704046739916	20.246766702969282	73.24028533680892
13.996124275965068	2.048908280052391	65.73108305600184
13.640626983818482	32.14453516771532	41.037719439055685
51.743809677384604	29.890712407326692	34.24803446977272
32.98789658928141	1.6327760276022047	34.78583932425092
24.30253696242446	22.650635472536123	55.61723978450534
24.761230307662807	20.59314417932798	42.80520659478583
23.69720443245691	19.786864543221164	51.83529103795778
46.257641001300016	62.26947020932065	49.40415078345905
18.523757705376834	15.964804889828603	46.7752917542766
28.100680078049983	23.879415974271332	67.34535105249032
7.1577099203245265	6.269106293086933	53.07878552017506
17.904600714394142	22.593444819773136	68.90696290630457
9.456191669787616	47.84071969513583	53.370997554758716
15.777949169211722	19.50561057348478	52.349392123519536
57.855412797018886	26.415684266504297	54.07092281498262
41.231776993938	36.23871940272868	51.53684092747094
15.003243127552748	34.863676872624865	86.92798366594639
5.231339299842718	6.996202007111652	70.74262566318015
40.251375546308495	1.7830624246835463	13.784186608151373
16.88236407093781	42.499398991670155	53.391829758749736
23.17674831495014	42.98682571942686	45.222215160729675
13.470018334880645	1.5761539881660838	29.912922109041787
35.96744772285557	7.832580660332759	50.98223278804795
3.2826541319471723	30.68325621835288	56.61292612615945
28.720061006388406	20.25862045092246	61.15286827862017
50.73932010565547	30.558342075715167	66.12914856884977
9.28172821289221	4.815778036130862	60.1824576443635
7.133446957570079	5.94818984486316	53.77314630097605
30.65737605494094	36.39743109028022	60.95483928410252
13.517448175168006	20.419737263261688	44.9963443259998
31.55512285691239	31.39003020522176	26.9735953362415
35.29083431698229	2.269712751655124	69.73306876667026
9.144984813882354	7.479560298848169	80.63541669262723
31.6883614986292	7.069232867257327	40.71949867354064
45.84383495794114	20.218036478759743	48.291086641869285
30.507101977931548	21.14961432693443	80.50674137617955
61.5213115815783	42.060394173988286	36.50889100407524
55.57649555518636	35.09628419729732	61.63962400813003
5.10555586152908	18.338285958989438	33.28365847660616
38.857036592631545	19.61745645157719	35.82212047736904
36.935008071642756	16.27269451537953	56.98428990972158
34.382625624909934	38.15246074834945	59.49136306168192
16.09765116197263	4.976823582031516	55.8846209346699
31.425916969415077	6.20799543062709	65.81651346863072
3.546823548829174	40.46005354026308	72.61363233396295
26.274743580721044	21.710038017351273	59.32791432358722
25.370108211800225	17.137150985075476	57.705000489462186
29.50978504595341	17.637041920601686	45.80907983332233
36.526448314718394	29.236415655999892	60.650119781895455
17.305953112281905	20.479124899632723	46.62810020566316
30.58140364518432	6.8794078377134475	57.19388011931202
15.1100774554842	29.426466549490165	59.937438284414434
23.48614267499607	47.599605553399684	33.88962867794755
24.295126344625945	13.096126449258142	45.28065860461351
11.824087917131942	15.104119239087535	78.5119900113121
22.0950112540068	16.388524778771856	57.26726903987498
37.24213267159755	18.070298869274097	51.64300472333832
13.805822243731349	8.736197486149052	64.07416553478683
27.48020916726292	22.96879403152778	74.75157987669036
13.166963604052839	3.128336918548957	49.41065120756922
10.181927122088185	39.83632471265821	69.85035609213672
2.0786922427334424	42.76933425402743	48.88292696827029
38.151341269503654	7.56915213984575	55.681614565689365
30.408150741906894	37.851839639083806	51.11769296492519
22.58974612095973	38.41798874007473	40.68097949929157
14.229712514619848	31.825623309885877	20.124557864263377
15.340555920597826	11.416957724082842	46.28335178122599
9.187579737547093	29.41903555339978	52.73683086459812
16.598302514958384	9.847051360197176	52.27259470177661
37.04270224334684	28.46591304516779	38.832110032569474
18.155142560161085	13.438923765068424	41.651748040160754
27.072808866252196	17.254000960718656	41.361421049327966
37.12693105103352	45.52693416968735	51.11862680875046
23.840800658335617	30.463986317423895	62.777953416134395
16.14800792031835	21.452397465155297	48.0620694586418
38.52386998489389	22.85177726451269	51.64881664093002
19.864718043572214	14.839919576186826	47.93449702078291
29.968793791586513	36.40273332931813	30.37177289556019
21.595565343697906	22.529411515251066	26.857936210203142
2.9609522206895207	26.00716031686796	23.45396459399011
25.826953345732708	44.52213968455089	43.048038945052845
13.783841137849642	19.410144778449148	48.28630909500551
41.082200658585734	28.950879652140152	62.671800641739516
6.261910733507856	38.11472412865095	46.88289358894593
24.17443288763347	17.4385787612239	55.16476996713293
2.4135242925102993	26.275679766955868	38.53395440792526
8.800321080248521	24.51340973761333	41.50339440800986
12.505132779843944	0.6656940842366375	43.31387660200066
6.123835189645497	19.4543463364445	30.13646646823959
7.116467127940206	24.32215148741057	53.16389988982731
33.990128442631836	41.538520695610984	71.29495693830637
26.808966981955965	16.209437128777264	55.18511357534164
52.709682118887834	8.498100628718412	35.20505632200642
9.711234809309646	8.160633097249168	61.932686845880426
8.933505356868777	48.878949440050384	54.59065885691134
28.314606982338027	13.841810803841243	61.93613551613829
19.79270929948433	1.5591570467891422	63.52484931176344
22.41399331835771	20.723962164563083	41.37976958921004
40.429154068832275	10.060359136940008	51.28207146366945
12.29482056815949	23.030922480667716	63.97111985779412
11.67101165274894	28.964760167896856	81.429313289687
14.19483082553652	4.243748255121247	33.76894687138952
32.498797706281565	2.2098009249194313	32.085113883654955
30.654124816060676	5.2048296494034645	46.51099386982732
37.1565340143298	19.561157806059306	37.99587759426369
17.576122765207966	24.929639549492038	43.26433451633579
42.942385920160994	17.31978466718074	52.77277614610451
19.092216442984938	27.153793995552164	29.10473312197557
29.42821764280464	10.076516498584091	61.97003846241222
7.246947607269544	18.374148412864358	41.62341790542004
0.5416976976655477	15.773140919791555	36.03192862298421
25.216647469337733	21.19271354447801	30.59107005992253
28.021232979971614	17.02450908715633	60.983309808421225
26.29156359982269	18.53215941475142	71.98631283612701
19.060530545973126	22.542895364802895	37.36566852733348
37.71365831048834	26.048017553797834	56.09337761424338
22.038326849497416	31.668769966475402	62.88456219416292
6.576362403077985	22.180823075582225	46.152614501147085
10.37578156207415	26.575404063818052	67.03022639433516
37.609133726119126	20.810382403292056	58.174588060092745
56.23938629326202	39.22434962684913	63.4768420992737
9.986864073766228	25.716853725142144	52.48077770019113
45.352363248887755	4.072791571213681	39.09539636385071
18.084493562413698	11.099705582497343	46.11712226252619
29.854518328473723	51.28778622780824	70.70208878547989
21.893709784976288	42.643957321853954	48.868993744536404
31.478333595153302	20.516122161787358	43.012311398381385
25.28313161034341	23.693865129897052	40.3465113105884
6.020600423481914	6.10209941498543	51.2176632380089
26.76435238813332	14.379261905568336	63.4916204388859
4.8457155061271315	8.732388354206421	48.48435750664612
36.201745013146066	38.65182419769355	43.28804527463489
46.16835497197337	20.7027267731092	35.15970426524244
17.199121295616393	34.04297514802664	58.165198174178144
21.591003364994734	31.99918064202369	43.760394722603955
15.936863111909993	42.96278762363035	44.89587429346689
7.569546237930782	13.339665359939985	54.59460237412432
38.853754053377	24.931775293378415	59.135800571153034
35.11493988050491	12.23213927702227	27.915416148009218
12.973887315546904	9.470302411238313	37.28753757344858
18.593826523841777	5.574408233890281	66.63121100646015
13.504005950562377	33.66703215154176	43.949242394521576
15.051320254099274	12.839960938864838	62.394755723740595
23.68076308576787	19.247357205949275	40.90193242082826
22.231202640207577	26.302233665438862	73.98483842110836
27.939442864641457	37.23265388221148	61.001552537571506
41.18466147515828	2.891791697556183	57.237109061936486
35.57164871092016	39.904662743618374	29.28169242864334
3.212058938294856	31.090583660452175	48.92369072220221
7.213107840877118	25.225872771016764	36.687119163728774
9.376868696095896	28.54701881054447	48.485132951219015
9.091675222668625	17.08149568882652	62.592125053060656
25.0767864626654	31.85857342068599	31.236609762294847
9.21455792331531	26.611407575395774	32.955650980960414
40.296747342927375	35.252867534322114	68.0680645900926
38.75451973015812	18.583141630846274	53.368351911397944
5.339724208443078	40.418917191763256	26.144665062810642
38.14219111400466	18.82148864881119	78.96689032208685
21.551862316059687	32.26308290378178	50.04633394597388
10.772303361542614	21.97301046358358	44.20661720619041
31.956400659025007	34.630023984440385	43.94247096027457
28.644439801284967	34.578645319471626	54.332399980693594
22.595077740777604	20.37524941982466	55.74939684984048
25.11168859480056	5.127833729530543	58.65913089171663
34.36304673371079	24.733293507748332	44.0514843279402
52.53302067515199	49.78813660933676	77.17535738962482
27.474353973091002	32.78325473391036	50.38656555356384
9.888188682561644	52.85220216449253	36.41149447339636
20.71197674333132	44.243048871053134	52.23850751706006
28.3120924768899	19.54123193030096	63.171696960828555
11.326922049185066	42.76295520866033	57.331235481300666
27.90923631279271	27.691381803302818	50.371671312841514
42.36025373048565	23.171872426366477	36.42178622611995
31.671920842355284	10.938278090126792	97.55681131479469
32.226737508643616	15.947867629286948	48.816734760015436
21.713337287491292	27.048770239128345	65.35356551253163
16.032069650521112	7.723460161596959	26.173948934622288
41.80761217697367	16.888914350055522	25.586890544396176
22.55415763339108	30.292258259250243	30.23676454588425
16.142493109010196	33.76076352268655	53.86743600849586
21.652601370918845	31.80279282126672	50.56822388509453
26.054250665530468	8.543057651411498	48.928491500355605
3.181590266923454	13.812578288253576	51.03946416214026
31.110129695730077	20.4085936855149	34.15993994896631
27.86117953586195	25.82245484160252	40.93852686491475
9.491085422127163	20.107009807541946	53.61199381669659
20.33628787028936	16.003713038040114	56.84001210885407
4.021830637048751	14.225020607380596	67.35703880659345
18.846263964828154	11.062595630480477	48.588037445659474
19.72008548571392	14.54914601748938	32.459090865066635
12.50741040190396	28.82654942150902	47.88570126025602
9.9736115090189	19.921852049724386	63.09383727010604
23.00502036875018	16.39437998402477	56.07401804588217
34.60449251808245	23.66892631281787	60.22584294836984
43.421735578489304	19.3700957366385	18.305647206592333
41.66948061592818	31.370210836641693	59.26518403087975
26.570369110148338	18.506793859842222	44.04457938685479
17.358992622403306	7.8980563677191356	39.494293355948614
26.855494806448988	34.436420620022396	38.70164340537188
13.941953847592663	42.21220547018884	14.397253681520908
9.82096900178865	29.585953174354888	27.829411806094306
25.074532299729505	23.887130226842874	57.202309502866235
20.46799237278682	34.71035971774971	44.019173490110134
29.052845982330457	15.389039681344755	45.59468104161724
39.36842786255529	0.730773635977318	45.0894841558562
20.123328391039127	4.60542608820416	55.59561255648651
20.40962799280678	13.672810516655272	72.40974695822867
11.55734414577298	23.187905833213446	85.7702341904984
4.467415331780636	45.205214862406095	34.69459261173686
16.73603242716317	14.326009194436303	42.371513436296794
16.443992759428042	4.520853136139074	41.75327894748763
6.045208996995379	9.004546413371378	66.66011518333681
34.64216043606002	20.62886623527541	29.155647445787118
20.267246990519492	19.154652927843998	51.847091360263256
27.407045009799113	57.75207041313778	29.821856575645967
20.206495534958535	9.414070477059848	70.21237889201802
3.5703162967413675	28.838386399530293	79.94334933088149
24.030642228713585	20.85935697662549	49.03230238509768
44.49188956124219	28.550551876689827	75.09147532485342
41.68972018269939	0.2695239758653152	57.129006082082014
24.095346633777428	24.01330195140047	33.9633698711717
18.032482138602692	40.31366539641073	68.2884189160207
31.83674747915868	45.982781518911864	51.74583700692716
9.086953119810028	8.373115059918835	65.4283224015306
25.95968777501583	16.296907880199164	24.11577152122576
24.706166692304446	16.64333844431446	36.35196243815424
27.52748350485753	27.319222843733286	51.59439772600381
10.126868315741127	25.351784999487673	53.806396479816215
29.513648563000295	26.15510534432894	12.259811951987515
27.784282037133593	23.856697061541965	30.902682874045567
16.05675269491506	21.00448156553401	18.77127276669554
36.47831453196572	10.700643331184756	46.14217245115292
43.11476344468211	16.49795259130279	55.72711795176535
24.67311242177722	21.667965157993876	69.04334452787343
25.98862683576329	34.52636246148281	52.982056662736156
13.029016850371729	23.774066268921352	38.81768318581584
32.91041024391633	33.99934197273832	44.96121018165162
11.950304191015157	4.83209525519246	57.47940664509753
15.168016406861781	19.155259062300143	45.647549909018025
12.768665957516179	27.145149860181643	48.32060604484135
45.42805081331102	32.75652795878049	45.72105488374596
37.79830157204379	14.957417768441122	33.497405303167895
8.304430794207365	3.703644995188373	25.221418987666702
23.61314854222003	38.47444226732924	35.91336189930662
4.130979839101558	39.39736116491525	54.36801213535521
40.62968989475887	13.83527526912952	35.88181131323411
55.28325619450891	13.262494352075025	37.9729128475304
18.16137553314125	20.496323417995885	45.112075991924684
19.86166795984676	40.12256577548768	55.70821229850726
25.378624183465604	8.767623675914317	45.3263782453099
34.29039915025212	50.177311282537005	47.990412595670755
27.109664025169664	18.750988376961146	77.67055644275776
31.83292930034027	22.825248560561047	58.43793980129196
16.29270633544311	8.32487681764151	78.02574973920443
22.578122991774382	18.83860493441802	52.01510321373748
18.318006522149275	25.612408427564397	14.447166725236663
18.45662204689899	8.806376635446629	48.924497233140364
12.899862082892767	11.04469115510855	22.25640884957532
15.260799115262317	10.302624969193676	49.9941089340508
23.408533663511502	25.509301907221076	48.30030004784041
14.253372485838177	13.815025546028833	19.837539831737494
33.093672802833524	41.27397101723251	60.14716489132064
2.971019575302549	31.855987806691488	41.0278379235323
26.81077524983366	27.950602472712276	11.238116588366218
28.27837381353844	15.05257333608128	68.34403959234238
38.20735355223863	4.283650170613736	45.45967395375063
26.051237232442297	17.10921400943774	70.36799305005584
28.99208922517284	39.96955243880223	74.1789900563947
15.394039595157903	28.520850959047117	47.49980796558329
36.17291694546397	27.394442279418765	30.356929674120874
33.05623731563833	24.63540776022501	39.972361279894656
7.3466964890976545	14.41262353162345	43.357107420267795
16.555968581791664	4.638654788745612	33.00625141200274
16.280864188819557	26.572655809198533	49.042702084735176
26.69587266739884	58.5239451406125	57.01639843915335
42.5688009534912	14.118573886110795	49.57914185405168
0.33687749442915305	41.28300290356252	43.788826930231814
20.440831229536695	35.98663601862448	69.05574986679778
33.87034219130866	31.534573250260827	41.09189532471041
1.4596417532996782	19.64181437133551	59.19619426433229
18.396769798135175	14.017226992618143	43.28653021068667
53.128647442456305	13.81206738628825	44.632103497512745
6.409303907035666	41.928702548645425	38.68056647618016
10.126802493858463	35.27757137553864	61.10134533189122
30.158996641878183	4.688212992397114	31.86492142758277
36.64551368602263	26.189000169833477	36.3018233363165
26.602431032808383	23.105390093928456	49.83861120095021
32.91881316522288	36.93015973564484	77.55213909407733
33.93197690883304	19.453075998039846	60.48376039473453
29.648985766780964	17.054129477935767	64.58097655481164
31.21876805670759	10.491112271575908	44.4389029122991
7.900579527259744	16.175658953681257	30.658001781406664
21.16138470347161	29.213714914584088	54.023461568408656
3.407789932872113	32.70724394890303	38.773608050716575
3.804167142664596	29.601516923091065	49.84486572861913
14.548098852570883	34.32775852396909	42.112330268292226
31.81845663175591	17.208389980873456	68.78744896607779
40.86569032114795	7.407627538374818	52.062340827780496
0.25276171022501615	22.234342005390854	40.56985363126257
40.9433320306555	9.824923735679294	36.56550530562926
29.15810136528044	35.78089849162636	45.838557982941865
27.32835323018405	37.449563624801556	43.698737901605
12.610388739749745	4.403598665687909	46.16192041946393
30.616781327122396	50.62271940531052	58.03560560033335
23.808545482233903	25.727080225368223	54.50103133048976
36.36872674083237	8.760708268866663	67.48647744590613
5.8334204833992676	12.146648912268816	52.056331777544784
4.303876241131713	22.084156546217464	48.34501885200913
31.440311248168115	10.923277069288824	50.474429352813765
0.620061553115935	7.483027692719929	51.717074484415804
11.851547212737097	9.710081490915451	44.09474054458377
21.102928823311505	24.262243705803396	27.146501514623303
23.26254159342675	44.02489941099644	57.06127672742882
27.640944926574985	28.72928046744067	56.76619251699394
38.213177379714665	25.818973731034504	51.91720984002189
28.34324780605081	16.446916158951996	33.64395163079471
29.04517353922783	57.501823622266414	51.456661467757726
2.2611670163170814	19.92872750576318	32.4425833676338
0.6647337934095177	6.109687749660921	70.5945814079983
43.44053527015245	32.357124539037166	25.916938144695035
24.05011759191405	47.84940044220389	22.918515174071327
38.0003837696116	21.066594246603586	44.3356667116935
10.93477093666482	29.606744248465112	51.11173363718342
31.498343089345326	9.343301980644334	79.44429975325099
20.74476287028152	34.17542461298737	30.174099868526476
20.358662723643768	6.986818815639278	41.157822869610804
7.569497267760664	7.538868853453236	39.914896146120874
19.223633770072226	25.455714223494596	55.81720015840451
20.58616986133791	25.41308603416509	54.70562337686747
11.180384309288778	19.72781127970692	55.357469462754494
21.38410593048341	21.771047879631254	45.655135077348966
0.8495674810904568	18.72657325757142	42.05477250455147
18.00722688881475	30.51578739788558	46.008819476937056
33.83439231452686	23.88649492353745	38.901260639021714
4.9351891849384355	25.670542025265455	83.73970321354773
5.220850777228028	15.7924811085581	64.14600536790397
21.976909529214126	14.669090431102441	85.03165508405804
19.2215798819052	30.701775532184207	53.66476328884781
81.09382728016429	47.98390451855695	84.92860081246397
83.44203679482031	73.38464198021497	82.3844150731776
84.56599145416997	56.45896884598938	95.92618206627498
82.66813082535226	55.573968103835035	89.73391052732073
77.85630521185325	55.507331366724316	59.20573741740344
82.47317296736311	54.20320086860622	99.21372081427054
82.14657308039982	54.33805470184422	104.15827450320916
81.76994826139617	57.53032244948618	88.9288062036304
85.28251789252921	58.28658395651788	80.05804598982145
77.92854653683116	39.92857732090404	72.96257031451228
83.8690042933573	30.0232596885954	103.21281072541936
76.34097638519717	61.6558242726155	78.63820020159784
87.420940484132	58.23350975466575	98.4612605272693
75.37347710434864	43.1874112839799	103.47415712677756
78.3627733204574	46.98909662659915	51.706921889402
77.46196539243236	59.03005525620824	90.07101183552678
70.91328050889857	25.618091722866033	102.25093796572841
79.23729660784907	59.01642501125246	81.86890762111435
73.15246887848419	42.73055098913713	63.98438381061697
75.4122384238888	32.36416152880328	80.19491695334942
79.94127249299318	55.58709046219366	35.78929149520155
78.72996129295937	56.69916810843305	84.0384468611281
81.84739312575898	71.5774871941559	112.07705769584042
77.17691205459613	46.43305090573265	89.86421177690268
75.96879753980309	62.54155838343156	104.30948392217965
80.4134539810293	53.56139042558047	84.94925281445214
79.93560315779948	48.01600029768813	59.32409254618288
77.23699693469277	60.45258587677904	54.24415662650031
72.97732298099297	54.32145679107505	74.06636028331883
77.03823463996595	50.223412054833524	75.70739750858483
74.53909023723705	48.886444562555475	59.799804162454905
79.80301714443156	62.85232526468564	88.21801722932749
88.3188841073476	44.09841055018502	53.51074694335346
82.35842812829962	40.210013490487064	88.79730061647395
75.19326673334058	59.46247879616453	61.79144206690471
83.72756317911922	45.47528548714324	81.11353837434561
83.79478793777382	52.541125522634474	81.29785160908696
76.92398388675302	52.363675543697006	85.080696090452
86.46746982885195	66.4562548620691	64.24490035485164
82.90672383594357	52.33497434523996	74.35014002228729
81.574151642924	43.195521714942856	72.18775292706705
81.33318399447543	52.63032361802315	74.32211923292968
80.31934773860793	32.03274179976315	87.38419412629314
75.80121381606551	54.64744694811345	94.87933781177018
81.98934656978646	51.23247616120326	84.61502574015127
80.21340342727333	58.71210525380206	74.75229844324494
74.12892701357094	52.985071822326816	60.03968156427892
82.70288000442858	56.74049543133117	81.8326406279357
79.64399112820156	40.598770109096264	87.82984647267058
86.76262061198531	45.88876115569687	80.36452399571048
72.76484485946837	50.48377101169749	90.9621217495097
92.52020006700155	47.557112804347014	93.53724214066702
84.42431244841401	28.88695222636827	90.09166633392651
76.20250192446028	48.18458694915911	73.18919750000458
76.04905093793735	32.138902141031046	57.13391018126816
80.43083225653616	61.40990911923257	92.8704608229869
86.08622709337094	51.254376838925	98.69678974334387
78.48246042439412	38.91612744233093	105.30563977408963
73.72882648662797	64.93265398636225	49.486851177253165
81.65988077975628	44.836738901880196	83.13332284515644
76.15563710827256	43.174838010069834	90.42839843834318
78.44760936210142	61.04355712987633	80.15865684707406
82.81345280798986	48.95247188092491	55.212517262139414
73.57459490517833	57.59544340815508	96.32029798264944
70.60508664928551	50.39027887117372	59.572632089244635
78.83428723069416	48.597901553057625	51.78381219560257
78.34597163198677	55.514009160848246	69.50525906568389
73.54531431156568	59.72556748886426	93.08278121776428
81.77456710101615	39.30239340709272	99.92463762370045
81.01149330213396	52.80032801707426	66.23580951992315
75.43538646865973	54.49536295002275	69.11646710177762
73.20676545108573	42.224429570053864	93.47367698350024
79.6425617074163	58.57532768145469	73.47184417813784
81.58273322611177	31.37252339459215	78.22762964188098
81.25503212681575	56.310678729301266	58.591110149432296
75.18560611138555	59.748867698733754	78.60470956428885
71.48074174132046	52.33970663146674	76.82984920382751
80.42843286254805	35.71072962278407	86.4588987270044
77.18584395129656	58.02761068957757	87.03319507841017
77.53368046704338	57.50155426019105	98.53667249647688
74.75412816922204	46.06301868842017	82.58269613494524
83.07683636094357	56.1779266704272	74.49309756224193
73.80116980178283	68.94010760707998	64.7183764636512
86.76433862216722	37.24985039313408	63.72717275095617
80.615694584105	51.77984127354321	61.90536436370537
83.22403099098223	73.78605547443308	88.62392312137757
71.61751717517768	55.810242355271164	52.110614288000704
78.33615053604868	38.26361136448648	65.17114540904919
76.65713976210762	43.45335302706492	76.2788138289797
90.26064158379688	35.69988980259519	81.18196198831762
85.51411423420801	40.31258276441645	87.92848874261279
82.68255303251951	49.03983381274975	70.51490936000658
79.81818778010864	54.07094643696296	94.24718725837833
81.32380330079427	44.12388945569893	66.19815300928117
81.63047794942102	45.21754657038916	82.14028784626164
74.47640210706449	40.32692568936271	80.11688658887992
74.52443483554624	46.08636024133803	84.28784955080214
81.27451816890068	44.32337095860759	59.83315492027157
82.11768691212662	41.32744435672275	72.08959639193972
89.61828399047998	49.00663722726459	74.83660466810512
85.46327677484027	63.85732228722528	75.1715103608244
79.06708614178436	72.70058681922191	101.61775724212484
81.63678856590101	55.999456466868864	113.11258057315166
71.86424839550172	50.48011720346735	70.55154170746047
86.48491845068523	66.2402467385634	71.62890779663755
80.29263218989382	59.607529391113395	62.744800442510545
73.15065319689054	47.986635285240524	84.10329541604574
83.17649322177881	57.326025152232816	73.60519678192773
81.056820797877	27.84965256871615	68.10667591879736
86.38459171233731	47.24164905684697	100.03980898372919
90.84507255505245	54.234603983342765	90.5378541046617
85.20377927877904	67.15789378571455	73.67967304563575
85.50111246121364	49.6852068599049	72.09628209385673
81.87376385227334	50.44738809827273	91.83544396759747
80.12383312553389	36.48254094364775	75.20194767677607
78.93140125598035	58.89038301342032	70.72502897504555
74.84374748145996	44.54790740756955	75.16803379978855
83.74127481289885	41.8578790481526	105.37004943936063
79.34009798882923	43.86717053420114	71.22636855436716
81.38091559989705	43.25525463289594	88.34319048754237
82.11455548620312	40.647145926128566	103.43871010560618
84.87519076940966	41.30313929104371	107.22722045241915
81.10533507111641	43.74896534711627	67.85291608481343
87.47066026959499	51.86814466715674	92.08871379481774
81.00525970349618	66.31684273140597	91.72383108980381
71.58370907826331	52.122599113289915	74.78325231650662
75.68287695939269	40.371147427818805	90.91080643514884
74.02727353366201	59.15599758922527	95.24204229400534
88.53743873880289	58.86165309026444	49.789838222372765
86.93338950337802	40.98003402905691	91.50307073250879
74.60061192119538	55.76629675730669	104.81819418166272
77.57938257413755	62.61183039835764	55.72190986955977
81.5702467579302	57.14664576097	83.80363518990832
86.38250022938695	55.66749595055882	62.37291482039933
82.88597682424987	52.02723906686814	83.66357688002424
79.72894895606558	49.12235419323607	89.34853986398454
85.17566110900808	59.825059302071054	50.731695726669585
78.18406344840145	43.078771744673595	86.01894487615253
75.99884621162587	65.10405432680871	51.44871178741741
77.60799453765006	49.43170397555022	67.18502825328515
73.94472519081252	48.52473147007047	57.34015763739974
77.98214596409436	57.58135121679506	56.33078386040695
74.48794865913761	64.40404059886887	72.48411029256194
82.80030911816053	44.55853838825449	95.03197031220655
78.29750173314335	55.860794812196595	102.66651484968972
79.13610030153043	66.99227540855765	75.53380233897022
83.51976515678261	32.095251636452836	76.14230268365205
76.49904757408578	40.65063718017076	79.92814008667914
75.96857274727262	45.41993056250198	63.57940973054216
89.7783091872484	44.21816428583733	71.94999764153359
73.0517501771841	48.15755241956935	73.84324540400893
70.52396100547972	45.519129352836444	61.250733454469795
81.35321800651028	41.77162384894855	113.65383323976998
78.59482468335555	54.18055479515988	102.06776128270327
77.32007389042899	33.26317572208718	70.21090715289854
78.49777217984709	54.09674272046334	47.75674247784629
73.62662780534555	61.4786138130219	71.21072739093579
87.02231347819097	43.590157445907614	67.02780990540168
83.68112864346469	47.90640882775151	94.07255956870473
79.77888257629297	35.534899413340725	83.67719990070836
82.64869748769908	51.567608971163736	92.42674920113508
77.99958686713597	56.082510063813615	83.59856185897345
87.4686769526763	55.0873995528873	93.6594065994577
74.03045878112353	45.44448281804627	74.770990523221
74.35716396000738	41.89766368554055	72.01782835445209
82.63524799115993	36.47070689739076	91.2130193691852
82.2221860668616	49.558395495304296	74.4454713882699
77.9516390453862	41.04201199717255	78.92606155161805
77.066683941881	36.71254747672654	72.2508436886739
69.10925551364184	41.70898691019754	99.42607215221993
85.67023126529419	41.44161371119747	56.19128399747524
77.87785418384107	60.619798262050715	82.25607429893981
73.96286842123769	44.07148194057589	67.44779227500729
78.433747177455	47.09727885351727	69.24381841075872
80.40545151724176	48.15367030402924	86.856031697741
90.11154626974209	58.492064847761355	94.53304245899909
73.36983468714051	36.556027651554075	81.52264357918489
76.82573016768924	55.1621506800804	99.59131114716212
90.56913819651825	51.93562881952015	87.88146037617987
74.41194163011151	50.509610077024305	92.98113539635044
73.43851534682577	40.14015900763377	77.31541183603656
76.68137606312426	61.87418377267051	95.94105473646495
75.25930064554873	45.920781389108875	72.11705179116366
75.34319233273476	46.54568088663001	91.44986458277911
77.45496382255898	39.37102973645488	115.74541448330017
67.7929594971555	63.44779141784104	82.92084659856786
81.06687897352244	36.35120046431895	69.28974375624975
81.39208633092711	56.54520629630498	76.45647110241644
73.94247817017792	46.946231490610685	90.28352368099073
79.61262821266357	34.821245510419416	72.30032425341341
82.44568355855974	47.80270301561042	109.18084071474512
79.74898528164769	51.5687548290365	52.905002652294556
79.15967973382908	47.95890325631145	79.19810665424367
84.0573508051561	69.88868818429486	98.15594843788458
83.89673008138061	49.57767916643514	66.30543881799703
80.53896631599224	71.49821634813495	72.39119255339494
76.45206002654714	68.72324183404925	77.73043275201832
76.227891732253	52.089310935985615	69.75058938836197
79.39718283956132	49.368106340278544	74.82541388552265
88.38522800208523	50.53892958578242	70.50031894895564
74.13132534005547	32.005530754189024	74.52375878822778
84.8942553257645	69.76318657366579	92.7928693217299
79.13559383091608	54.526590211357636	77.5819924058148
77.45342313210992	45.31907226010954	94.75435173871794
87.42805829912129	31.78854362487497	83.01899031347936
72.81341289284374	54.40527695561275	70.51832668266687
87.6137646835572	48.423457370430945	93.17428571466064
73.14995436442378	56.36770601517587	76.82685732587667
84.97228672961366	63.73147296963118	94.99443499298161
90.68161730145117	66.79418731029799	36.32846422883084
79.57633010112787	53.50911192731711	86.56901508885645
85.25782931041401	50.56467333138197	83.67257277599064
67.84166702635146	34.04025099720872	84.09902151035774
82.07448780045645	58.12433337614511	72.16891805057017
72.6991358753012	59.57158730830339	68.84153593679665
88.24840985389137	58.477469452323135	78.46382852221436
82.21937268170016	49.777041951946636	80.32525419294258
80.61692797100804	52.74429779535977	69.1510306786397
83.47130935949475	41.8389966053795	79.43380537877711
79.90663002525714	52.67775464142077	81.76205347211088
83.01828048487889	50.75946515273626	88.65255923732136
71.20057026940866	29.734842294425796	86.90141231276915
75.43088432901169	55.064447690921	70.21011196507915
86.36678705527608	31.713724227050363	61.60209873682727
78.05004220833914	58.837540287940215	82.29212783650074
75.1714637959515	41.2356658505914	79.70869964957176
85.41104548574721	41.139824987790846	83.10006618424819
79.3631610189504	44.304201846480524	78.45873431357118
82.14666495297733	49.334430034301974	99.79235832475268
81.62876655825005	57.716449003174326	68.24206272573593
75.97882343747838	44.92246700830015	93.52753001916926
86.75142710953239	53.70999604507607	83.91000511791385
74.20300006227244	51.182077598552816	105.3195753610121
75.89020553859207	61.708092434324264	87.95194154963184
85.95808347299923	60.59624154393089	81.43304180569135
80.76122225798504	42.373975564394826	62.856188592776164
76.6784649339519	61.22004108612795	90.728352904501
87.87595084777521	49.885466846125716	117.73391616867033
74.94811654794636	46.23418041807668	102.58271989856361
77.89454188108036	51.625715758720375	70.61410225415797
80.87635078833183	58.05061979018028	53.45512142264801
76.39231078999336	46.80379226262998	79.57259071291347
69.97170041167172	45.92814006380672	50.34057154608425
72.72282497847296	42.98283831401193	96.78346549316433
87.5250687852156	39.865621146299176	87.66973678333585
80.97688751998442	41.91674969850558	84.12502717381598
77.02283425412357	35.89483588819118	106.98521154994907
85.41975797245186	61.09783532999633	111.71225119309436
82.32091896575294	56.33716214263151	94.03849866793021
79.05590656376522	53.677266080345845	94.52164301186593
75.13519036435295	59.09863482387349	84.99307563544157
82.19928128053999	44.28362013713357	78.46389958248955
84.55979495204707	32.27626143445449	58.99092631538009
87.13545191790202	43.44332403410088	58.535936539015324
81.77452830257424	75.91695068029696	84.62102251318663
78.78838972742594	41.03694029474383	93.2788361064043
76.03283679657127	57.13077217571231	95.86895495922475
77.58953832462282	43.283433790637275	109.40658914198639
80.2033333175854	51.43817544666958	102.71350996032662
79.51145868849659	52.61752949718819	95.08799598277479
77.98905918668571	44.8010644561365	107.20962676180717
87.04962535051381	48.812651269792234	81.93023738232141
78.68962221933583	39.305774096704496	85.41431983736378
76.45827151282563	45.51259498126906	60.797265713687594
81.64298281020325	37.36466974580131	82.18351900813607
91.68358204674361	54.28748705520443	89.90875740349377
74.74607200019958	67.130001515659	119.3378493873567
79.08248645342395	53.76236067721754	60.20344499193267
81.61801606861036	42.51150406085582	84.9780445854611
79.42204802472808	38.061811427544214	74.56225939489038
91.81727182617361	52.061342305395286	79.79692311243947
87.8151919651423	40.11146740594965	66.85544642581355
88.85919349918126	51.493171010030515	68.9364892702997
88.12304081113385	64.53222725297161	85.94177259012221
83.24810207868013	53.59069377380195	74.36376566087351
80.88312517528419	55.20506885095007	85.07433128030192
90.00341810119104	45.24153119637604	92.9506212228078
81.67185262798118	51.109804210425274	59.97273929592251
81.5638725568837	59.72965875998749	71.91161506286566
79.35320109664899	59.656279887039034	90.36695402835376
75.22241545874904	41.19662068278727	66.67665016890504
79.55647455127745	55.10370817912297	70.3929282858704
82.85556255028455	26.44584116436272	66.88871394971433
91.50999814846332	56.527056393198876	105.71728215058671
87.76295210484336	52.40248192764784	90.38663701423944
74.44936828036116	45.03519079737369	77.48092375100791
83.26787842874376	52.59373880666662	84.29480403988109
77.20072919179223	36.81445807976726	78.6496537767792
79.70780734426464	59.741227553197795	79.25221240204642
82.02259192085322	71.53393804360357	92.60421074173826
81.87616411653882	46.816536873322114	87.61759521026596
83.33588394237104	49.34098778042037	81.0181886627062
83.37206978449925	54.70800097171998	95.14703841161753
79.43418102716441	63.50025112758268	76.38218130802308
85.50154069517207	57.4485972107603	87.19508040063077
72.74610063641906	45.60309527073475	86.31052566332168
86.43089734019905	54.73316094135713	84.53145787540487
75.90422533409603	65.40193176533462	77.7336622453133
82.35479076225471	58.71273177099134	71.38295811935609
79.36426400651595	48.45796524629814	70.76716272275038
70.07595410442065	60.30755455943071	70.94318005785748
74.57767537979657	28.68257743873925	97.65191396081589
74.7785343501746	60.41937369294568	76.64298693309316
84.13754024901652	41.6867086036697	93.40927517567754
67.99910440581596	45.441107819307206	76.87662204269057
75.72817841075128	54.7627584146981	91.93352124593436
79.0108585174826	55.764036060068676	65.50060396105717
92.86805128112901	46.30492883158853	55.90695256466657
71.80214593261474	46.61734345600408	80.02804117725762
79.92267978826649	55.9797924302826	65.65672923034744
73.92125299439772	46.70868971752489	74.67500617081132
78.60087712535946	52.0782965217026	92.94941002746457
89.78207454780362	23.7554950353154	81.56791303207054
82.50012429045739	19.61424365198352	100.42705152418192
75.43442296384272	56.416677532826434	104.91505395643345
76.88655421432878	57.18531237772562	74.72488573926029
77.04122120958849	53.52084593831377	65.59100111738829
85.67996769355426	44.49911419212431	76.84631036814811
85.7719837969829	47.766052171142476	62.09742923219558
79.39685441288321	51.58031148322188	66.47874990749271
80.88102251607849	43.6564048039771	83.93960985314841
80.26476863038192	61.42037400408777	87.04711676018829
81.60329758352374	45.21022671001598	68.3834520160665
83.63481450344564	53.624287906533254	81.2657993491111
84.73547042769616	55.29312513694838	58.34501918717523
80.93549651073918	38.987247097016635	96.10287823563755
73.97361903528635	58.10509979662763	77.36710501783367
75.49210378855565	54.823867647503064	80.96978072925921
75.82663879837392	58.72798394138378	54.5436258554837
90.14632549965911	50.9522821503022	59.65290298575337
75.52422975770139	49.01298359665242	79.58389940570387
89.38013327878465	46.849678043658386	64.92348339276217
82.4280303642523	37.359309026196485	92.14726676716873
79.39213704477089	57.15133685631773	60.18262288724718
82.74014316129498	57.46633689048461	76.36140233253036
81.93530326805654	42.840241441277215	99.14842234464246
79.0570960743987	46.26996623862949	54.739097302536294
89.5045670357949	76.38918396266732	108.15657233923658
85.98462689006415	53.51909658843707	108.29142059233399
76.71071947570357	39.634038697628775	56.118768293017716
77.80451999755893	44.87032728718371	91.03363735037048
79.53663852539167	56.435236342301245	78.86745566362868
81.73154351668725	48.923221976747286	62.205149157911
71.82096060661613	40.82357607374597	77.2477158256594
79.59510971143744	50.953702847222566	63.524047295242326
78.64714104161999	49.69245788003968	67.84601924916214
89.01460541406071	40.262986872967524	78.46075927646342
71.55298271441742	55.58736878224119	81.1190509279305
68.52643282420091	50.50383680086546	78.0059640656986
69.39893323636745	47.801279649419754	60.378370877030115
76.22399443647392	61.1890899717178	62.17366060039332
84.1489759532455	69.50469209507793	86.14584238569464
77.53161798632112	41.12769802134471	102.40001186248247
74.8720003468813	30.65501965348896	50.08182085382371
76.43981978925854	51.33591017518132	58.680797762430814
83.19761777062614	35.9887311267667	68.19585837230103
75.44037270044493	47.36570668499317	87.65737966195776
85.16257673261053	42.22264795410975	79.24791865419702
80.3586573829893	57.01945172582008	80.31026826838695
90.96108168124505	49.907077402739596	106.8604010801301
85.31813519421492	30.98250420454814	71.62624980957729
85.59604655522244	50.56890461156636	95.37472479777026
85.81506668469818	43.343277618129314	82.93591672410844
89.19741725671334	56.80938307968039	85.22333093750987
86.84461356889827	50.459834464887756	94.37172048830166
84.35792056184822	48.470525385875874	91.66487059234413
76.72050973439583	50.06366441357694	117.08949520136514
77.82997329892477	43.98124239665938	74.57027702777357
76.408083139824	70.04172761648147	102.89030158678219
83.53789790352931	22.963327744711073	60.73430587064922
79.88135635172965	45.863730861989424	86.97880002703344
84.17881287398056	58.733712907444556	72.69559698770247
82.05403817970057	53.92598075745633	74.89306723303183
75.27313342942573	63.051421875133556	56.36448578595303
80.46474558319095	49.534066780458495	58.80029033907179
82.54582303997044	63.018558234014435	95.76323246581592
80.97491495786741	41.50897102206801	52.53807584187818
81.17234023062096	51.85227855486942	109.28332877147525
81.40533462972837	23.073623643100632	81.71243992416366
78.39541563238303	49.128324449714526	97.61307768345915
83.2009496590505	53.27419139914436	101.9478075777361
74.62819565469525	40.42894348290593	73.67574737955053
78.05114607305508	55.434003895172815	80.66768153953763
70.71097509429435	34.33990876218117	68.20553877008187
79.02981790474439	39.21936427770693	76.43372216933902
80.78725023234328	63.506360492545326	85.33853140627402
76.03030195892033	43.813622965050676	90.17683023437525
77.56507442252799	46.546358440852096	79.32603010743539
81.77368738849135	52.61867824244626	62.081684802114964
79.7304837307602	52.05734023306211	97.62822495931383
91.0246641797836	67.65025840855874	68.21215932315488
80.13418518686854	60.09476282416506	70.56507158689195
72.48914690349842	43.73981830590534	82.41314761562812
86.71958573640151	50.91102605546851	51.19915235251909
88.44396541721753	36.547689709495366	86.09759345864623
79.07768729224914	57.96947216571737	72.76472954585358
75.33653329571338	49.642173354743804	96.05297343357512
82.80587332299059	39.660371885474596	78.71132681989302
76.80254271945742	62.340168814443956	109.46858528804387
88.42454940947273	47.20725526066822	45.501747231218594
74.0669366678306	42.15822124089981	90.51475378887442
78.92399353469129	46.85947225315814	84.79482673255228
80.00428102828124	48.827333992639964	80.66890935619709
78.24916318550054	59.72699858083028	55.88437843956629
83.94825904061624	44.76400306430159	79.17404961142294
81.99500844979245	36.701846521574495	82.4962715883731
86.71709718407438	61.55454553822397	73.38051737429085
78.47434163747484	40.85503420323258	82.66499021347153
80.35023450332562	61.72142183285638	64.23631832803912
82.45678291805251	31.47016064222513	86.53924746122219
79.33966087248616	67.00352242707862	71.57319516551071
74.09232368774684	63.705971706337266	108.8053139119969
77.24056287150484	59.11053694147103	51.73349598046684
78.22663782165131	63.008319513552436	46.96968363817673
77.42546802687923	49.558621088772995	65.51391922815985
80.17235278510118	53.05587283871802	83.69370630862035
81.06541710991151	45.35088170407339	84.51623817688213
82.37241095133854	46.151940823237325	67.19760747056048
87.26025196921795	48.08418847897396	93.08101184271385
77.66330158960344	45.25710164804302	64.20853413419908
85.16283692479301	49.12256964214026	89.50670287624008
75.39896730522031	44.97248397940825	87.4996240400556
72.5873572396841	35.43351124699968	80.42189202588582
92.40708434188404	43.98343999678524	93.52679165491236
79.10337043231891	47.52489481716138	88.27580010717247
81.55228032327716	56.572315964990636	82.4145713342202
82.66074735696361	33.850605639808236	89.44743945613945
87.45286320685571	53.44137687198868	116.30547900216864
79.60566443829221	44.676776605021814	66.01509302954733
80.02607468309377	47.74429138528478	99.97189111186992
84.46940674304761	29.884596127635525	80.62850876794529
84.59493138919167	56.19458900215718	83.15669415023078
79.82878833628752	39.431066838283414	85.66703968686977
89.66710418421289	61.44900264403528	72.66410743312508
74.51674708123623	65.38935749887415	84.01991080585229
82.33048148749411	44.58929347930923	83.95127693006795
79.3812448832399	50.03182555480613	73.1289361752532
78.2189442716355	45.651491252801605	76.9502664535733
85.35198684588818	48.53258511183269	78.70460546142328
79.85172427258597	54.610157972783014	95.88529875081692
77.47872744984176	39.176495603914574	68.75844045648472
82.93446792348114	41.671976433221495	77.36510052703534
78.50554734872009	31.938397008288295	59.87220337950889
81.83857407923671	36.553966578968556	109.74377871118607
79.58572302779754	52.052779751385444	74.60762608241399
70.28799360180463	36.22868363183923	104.59059721283361
74.00630939324046	63.86753285715183	65.75862755754909
79.66328282823183	51.86128939059014	77.5667520943883
87.98414596732286	40.871921866518036	80.69366462183989
78.11327253975787	51.278709269718746	65.92035371702994
88.18308645481846	37.84911449462709	79.1182164946013
75.03281273239537	53.77379499933102	82.4641595061264
80.12830062035452	58.593140108056204	62.0939992124641
87.06127504263816	47.32281790748556	91.94349384967956
87.5583017038853	68.67966918064685	71.60333348502759
77.68520858553114	43.215312973965545	84.86124815034583
86.14804912838173	67.4276373687898	79.06065175168202
82.70719158521614	42.79942693237571	69.80890041378377
80.71815786910705	65.34915286524	44.35493694312991
76.75435513882084	40.4427956818101	74.31777356297025
76.35918071173494	26.869854017126723	73.41978078107284
79.99084269567912	52.78510284073568	73.05027770887258
84.39466270461854	60.78974541969487	87.69693474224698
87.6101985416374	43.62427502226244	88.96142476422955
80.59446982590394	43.9880858210996	65.20833981353097
76.12852475591484	46.491726039974544	79.62171844975445
86.99959354619435	58.063551266578955	115.30945283455962
77.89170437757126	66.9429570668932	77.88743327536665
74.37382976222831	53.2034358848577	106.29615170572923
80.73960775215826	50.67272205141645	49.3157314115319
82.68521243976592	64.93777363612568	83.71146897878582
80.33189213373821	45.5165883024727	89.17630077468449
85.43895478741517	64.75614923158409	113.29306495125515
74.27460063550143	39.42800042574096	79.94051390056946
81.55371248469108	49.02537568497786	66.46380284881766
69.71251560028739	34.27490532661858	90.82533370688121
78.03920314806108	37.302758928293414	75.72216352885462
78.0308122746228	50.69975065203216	96.65048607659014
73.2040763655627	31.155247785793527	78.91441661099617
77.72842273702915	67.32846745324218	57.40581853044685
77.92448198902011	37.279710207080036	106.6060109966543
72.77231023661672	49.591940536476656	64.30374958172983
71.13548976345729	69.91398425856733	71.38583768734819
75.83298664562551	53.18318941229998	85.75028769831901
81.70398793006572	47.57808949825885	79.81346851285033
87.21806840425798	44.601477218088455	87.01147834989828
79.75136669860913	41.7877827265784	91.05375603670764
73.85643495588174	50.460075702090506	98.7943141608618
84.35249962938094	59.8830850323837	89.48521189246435
84.15502566504694	41.84162657997004	82.95373249603476
86.57086310360862	48.41784179772289	83.45466025606335
77.53432193178581	54.58276072218364	66.36575909346966
86.38788523675493	47.99673512016643	94.62707053571403
84.62516456331001	58.120294853773046	78.78125535477992
77.40309988374344	58.56043015503511	106.2590549282445
74.4567288037586	50.601875638478745	70.05250300506555
87.59609958686578	37.09150249132158	59.86916168478356
77.05482653908281	75.82862490675836	83.08385988753943
85.23548365323181	52.472310741927984	100.69920078201707
71.48119500944917	48.461682207360454	50.9734720859237
74.79349810624616	85.7571315989522	16.412721066107558
83.22243181542564	85.85321166422113	26.599095141858303
57.65314185846183	86.84877354320672	27.28815241261845
25.3340221834381	81.35542392240018	21.107081937011746
31.57252909597408	77.88390734642877	2.2881543239502236
54.144495081759864	83.47815462276922	8.8999195354808
39.35035161066932	77.10690483932204	14.956556731893732
42.80190215735347	79.42285879230168	29.00662583115173
49.89929256292631	76.3895684026921	29.45460298851259
57.248393936890025	81.24622686542143	27.962441493314067
39.2791902855019	80.89144695112283	29.856330528212283
68.60956593693494	95.17471471033623	11.297696320269916
59.40892991203979	80.91322549855379	24.502778707469066
54.81052144250398	85.8099013866144	37.95049039898758
50.97655080404817	76.96015663861888	25.858100156974693
57.19440273068832	79.21691063684186	19.86128211170208
34.42267315574294	85.95425582808383	17.40721038329384
67.42887692521506	85.81411486936197	23.05893212327174
38.581196230852264	87.73388159534866	11.381291819086865
37.744915723911625	77.04945086748009	18.811003187211245
67.18426961682812	84.70651631157716	16.272472097669297
45.649620452944575	86.4196220129842	17.8298087689451
59.98652093559916	78.37004524367205	16.400137102346623
68.01273226872677	73.8706783377283	8.015106930653154
48.286606613557055	80.59113422905328	36.8577491606858
31.465482326538737	81.1842870371493	32.0028656271767
36.91226823941625	82.42452026047609	15.100606242273692
71.78268528629285	72.28233026344942	17.179875464176583
81.63365096058494	82.54401632286282	23.849749037528426
44.61177458275979	71.03295630197589	10.749387101357705
54.536418537423856	73.3597081093741	45.9632757992177
75.9386351122863	82.85858436861568	38.51116747161267
64.0337091552516	85.13788469916963	23.96421233478746
36.154200099554764	76.67250573622573	5.931342251101839
45.05526132477405	88.10541551624145	9.112732225334932
17.159774833912522	76.00258325214253	24.128617836303505
36.339075389567746	93.10397229856599	31.863067151876766
68.7792405127764	77.93223389926635	8.686454893913368
63.11878434995795	84.01006457621983	12.53920844240126
52.93263381189647	89.22270481066677	23.05416237038745
67.08026603673926	90.21890199153431	16.764625978074147
17.948646518843283	84.5230616593153	20.07186032834008
66.47469576349746	81.78852210750307	30.720165371616286
53.4434094958485	82.88426849812483	10.532759297039574
50.13042408455775	78.70802164629941	19.507963232669667
49.027059347804794	83.4047359328602	38.60954702435478
41.60342750147919	71.93179025563103	8.190210536393199
79.69045316229457	75.66581896982063	5.440504290916721
67.8963662450018	79.36400160413835	17.444140377713452
52.51968907801529	88.03833122343863	4.385537960686705
72.0015027592392	84.98817277877887	24.187179167976943
28.9839476362799	79.14014615620277	12.877766043356969
69.93734057709968	79.45574587416098	24.67841608872317
52.48892964742286	75.49685723868213	40.55818874857124
50.049001300542955	80.52148227462578	25.940575024647003
58.995504478133924	80.35973693365555	17.062567570685232
76.59330244308696	70.80132377745151	43.38895982240953
44.34930305033403	83.51282453576016	23.653751430971397
59.80629146984062	81.8559113861155	16.496535898878392
50.966832163827505	82.00477888760065	10.729841698218399
52.067593506641636	83.19501758085202	16.688559000805352
42.469639825505595	86.01265089636695	6.324487815686071
48.084108220438374	73.76075965818225	36.524447204542945
30.40118323629241	78.85153791928899	29.72750912161805
38.46011977405247	92.80611764056121	23.014650708829045
76.87192840351442	87.04066588741925	9.337316935553247
79.3085344101612	79.8381844504058	15.594361548069575
49.17468705098997	79.02699387870466	41.33687087736016
58.809240312441695	84.27262898940126	17.018917666933135
64.9341277528845	71.04983172547543	15.692092950752041
73.75960295847639	77.8864809516192	20.45679438851014
38.233301740181055	82.38667530301997	24.450018612077304
42.45548418182533	84.81170871006947	30.863685427927912
17.55986227019956	81.80895378118062	44.929918875270616
65.65562276276076	83.7755647078244	29.617826026843893
49.38211738475131	81.64514284537259	21.783225572113196
47.7815592970839	78.97062626879834	0.9020192154181075
38.287124723424704	78.71604179572464	21.704954148386584
55.253095212509606	82.82738972314266	35.27465459449884
35.12349345044295	89.00283088197162	19.90422109760103
52.33696938508049	85.7643241184338	31.28875030916144
30.097065389296326	84.15046222635279	39.38826721459618
56.75274222363829	78.07841271942699	31.340906163057838
34.88230243635742	83.01887482962618	16.022830752251735
27.802279856263326	73.67194676530981	18.99474368899487
70.84800694199828	80.13225899290764	20.536644006431043
51.788684470545675	86.5353446899934	26.63729295178558
40.77759760168923	76.14911476037523	14.066352761242438
48.105211031307924	81.17535910958338	4.062586276695798
48.44107934223856	87.1017088030631	12.759147599007054
75.97873999658125	83.91516755916365	8.085357118972254
27.545755000911004	78.41502962271737	4.19747238006183
25.7532681101152	72.96801087504619	21.556988414146677
66.63993079734641	73.05726052273683	23.433573054645148
62.63457707625902	82.47021260653928	16.188031568971304
56.09390352719979	83.06542173590898	18.43452918471781
62.541314000010715	83.15642640985399	29.453881958365717
61.22513648925444	79.12672378059472	23.76130689490278
36.34410399801174	85.06710295271164	12.480417988222928
55.136214152870814	73.63988854021372	10.85567055980285
71.60024525680525	81.00630048565868	41.88043628631844
49.05612978882909	81.36241907423366	7.325352668431481
37.564568022879726	83.19726194128773	29.60427220807703
13.619419306730897	78.4500713935563	12.354904578897822
58.75628754144595	87.6362554686419	8.042098911674335
35.27684553649902	78.56166996402469	38.658053920414545
52.03994294879575	85.51847978472415	1.4555331207544917
41.158141869952836	76.0224120084853	4.00563020362142
39.2726080218029	78.68776198757989	9.229464315599486
56.09924899655757	92.05218335791632	33.1463093276763
52.07495700863414	80.0463606614931	10.98372877454144
70.83763932246866	85.56221630759451	24.11063356856443
65.09209016471969	90.17837476370741	31.682516597082433
45.73591194485617	74.89761396875262	20.007702517881633
49.862607881967406	82.07319838563114	38.051159781036155
62.276452962159766	88.67901683255182	24.201156073527
65.38537788051455	80.99887683759597	17.87373858974751
29.324860444092888	71.86603870304441	20.982303543575444
40.669701395489	76.17854641948136	31.384174674808357
34.50432355035262	86.77537152012475	9.145956174378348
27.58299099526217	76.05266043691324	25.502071298118068
35.27304104301974	82.98087031162655	35.809944668201254
71.1048676192286	83.3278876752398	35.86618610727632
60.01629333965877	87.64075106293768	5.40267699943243
15.391078770238302	85.01110591658596	31.62011951540036
58.04151580889516	79.05132820543135	20.593428341886813
36.952469816437976	79.34862086468861	4.708255548310024
59.14503223241573	83.53397302228535	21.46744322112023
57.767456703663285	82.48913383790952	29.13913369467234
65.00247137580676	79.53274053186693	22.990555293961457
28.42630310194069	85.67837733517757	6.87031507050407
27.84758875489441	87.0774963225025	22.707441968544494
35.22970721003857	91.75228989576725	9.625531023031407
48.67604375026693	77.12343448987278	6.142787674738003
81.15657670829117	78.5184141807798	25.39242100424623
51.67765359072231	72.70691010072633	20.86276205631377
56.717842006709986	84.96814909246726	28.869474896132893
39.098365177488006	79.44618255748628	13.160204732637382
51.84811527730608	75.36528213047683	19.939498250857564
31.033781988401646	81.59156195730135	12.454797282897937
38.025391714846414	79.73971427413525	35.27206885214679
57.712923031754855	82.13213671781917	31.505698884085273
71.61477921475984	82.21442630983344	18.991247290907552
78.98467471421515	77.75360518482066	27.897459135958698
48.65294533563632	80.55541627165825	17.598865450593227
61.57044912246303	83.81911035709595	24.373835908918984
60.50960755719218	76.25883889659633	9.669442266334915
43.334234913725986	81.17906470227489	18.827473922896033
18.162970406704247	77.6206450918744	17.32910144778358
15.021771282882519	75.49220113353121	23.741267267902355
32.378981193664	75.77796792269497	44.64479869262473
20.599327570307533	84.51112042372195	19.46264822905924
41.269422337466	71.77946870879885	6.92213802770652
41.90258541922174	70.55415784184319	36.74149594250418
42.89169020731251	79.27186916718709	21.020383728595284
65.72710521590271	80.20334005995262	20.42957188367355
26.407368082478605	81.00284258000985	29.96821076436158
17.317542087937973	85.0112348476307	33.977250244949985
42.242396740226326	84.46916768873157	21.212659918278415
58.505937461832744	83.12601517951109	22.15025559638047
83.74606435319566	73.67878939977979	30.653884248978805
34.07234935507968	82.96059124316676	40.550684088128946
38.795094083090305	76.73629697909342	16.647604864584874
67.5612450586183	75.53975559734903	30.388288052373184
62.35228275319066	83.93583911744385	31.95690313380599
26.80311855778025	88.01654800473352	28.89256253393659
46.50907961556719	75.21613467858101	2.9417444882412127
50.60698655103632	79.69667619991799	40.25537460082306
83.33393289484697	83.14699327370235	33.48510325509835
54.72750717037382	86.82650914651687	22.802254967110972
37.670335928562906	78.26243934883644	37.20481667712146
41.545907912525614	81.20668797815807	19.43026769343463
41.66646041539201	83.74099314718345	11.084531368718466
73.20807465404808	75.59158719778097	8.462078265204953
35.632352389993	86.19865476685202	17.986743017186175
64.63811270525055	77.09333272538632	6.576441167527918
50.39454421772889	77.1195618376888	13.640460472117198
65.79445187719509	90.47912317775669	27.999018262483553
60.593414601350304	77.00881278545464	14.128729902576625
54.7509817407771	78.34927255535017	18.890081349277594
41.42462895611591	81.02210232500369	2.1354641426198775
55.67499304446322	90.76934040906426	24.704555302981028
56.183050029653316	88.39126749779349	17.264424570811872
57.33245895863608	75.1733348843341	20.6435499181929
42.201741119657264	73.39530503033714	24.033356236975383
52.72522095178079	84.78000009405014	18.2646366637117
60.38329622461029	81.53646965860716	6.613999410828573
27.465334507431052	78.91179726283845	24.088353291287135
40.735053015875046	79.1542774280682	34.510392497628665
38.480951445243974	75.47530725043838	3.7718421411541243
42.89432015327456	78.3450400148923	29.058901330186337
46.772256782780765	85.47801087040116	28.767889010665286
30.005951155999785	80.72112300540738	1.4617011326316103
36.639217225691226	78.50949831913975	6.780361989465559
30.813945894127837	84.64976024950519	17.20417875319822
73.69376354518897	82.70843249393216	15.139983129677839
37.69830870996574	93.13037470444706	18.929854040493645
69.05368091931422	87.38438756296178	15.320510475728906
73.72030640209007	76.08335937440026	19.03759556573776
33.77816620714926	72.77138736598694	33.65115675941361
57.23852394722476	80.79318356800057	33.195785460915225
34.2126555522463	79.64066937073335	27.160630679590152
66.54799963584712	83.8688012805099	13.387204983929614
61.92137307397232	80.71823751090422	14.160085999583925
41.98317616336517	86.38418605008002	29.255882466234272
30.893465485256584	71.25512541451221	7.072781252340981
57.23296649729991	90.14450839632394	33.69879893843329
56.27096409764667	80.10091231177607	15.422854087262062
55.73490230717231	76.03541384232476	17.750014498354403
35.54317356954806	81.72020903083181	16.455294721853797
51.64813319799283	77.39323505086384	30.763770670199236
70.40525377187194	82.47096959995065	38.58245991586045
62.561184723326804	86.55620465083031	26.12311047043695
38.478480285958476	79.05396614314026	36.28756153499811
61.9167314095617	74.84416440403143	11.936490952379833
57.2462014133045	74.50887002455278	25.23983521651254
46.21059331905211	91.86907985698605	6.752313342486412
38.23625043134777	80.07287602788325	19.981460404150578
53.35258739911487	83.75552701044643	25.502774363506653
41.94209257224839	79.9540145077651	24.162714455350134
57.56141713982537	70.54160436881816	27.628057976832572
55.48625287266287	76.49604971376013	18.96763184968723
37.22490641695093	86.02738747698598	23.65101336756722
39.682888875151434	82.03172341932233	21.545444167114862
43.97695499338038	79.66256529491324	29.9217811216891
70.61547084680103	76.98389899119839	8.189502513568641
62.97296072921	84.84302520820708	26.071295503014305
61.35788989819596	78.90424210903446	31.701725481509165
43.309985878718486	84.80248426305141	6.7302295924291204
42.960760491703226	83.28386563842403	30.742796628667477
50.34731789279074	86.98630980582499	35.1243186841934
39.832038156024716	74.94245093113226	19.019830953841957
67.27437208159719	82.5884950238543	21.385359761078647
52.24930449416601	85.67254237776562	25.7478863628287
25.843582930866262	77.49883443681364	13.047107662606733
35.717652865603576	66.21631080203349	18.851365184580114
57.57090127501208	78.0430126371803	15.667301661684332
31.434590571283444	81.84159968133088	17.676615538886548
39.07790359550438	77.91685374116639	34.60840364585772
53.0052171794006	71.18053656081287	20.34672472328371
50.187942184047266	80.27600258103983	16.384740637728562
64.25146105160142	77.42676372925288	34.714105016801
78.30059250271991	79.32213115951988	10.669501967120357
49.96284670773172	82.37844426387309	34.4287531659005
50.17601874933674	82.19172281037703	24.972946178929682
79.45566578738539	83.61564749741524	19.749936239764036
49.60701313567868	86.06454977584016	19.468375100007044
80.74708310150001	84.12714882457897	8.134542713540373
42.66205532597337	73.79781599331	43.74179366996599
73.83912367001228	89.73643260961627	26.300323675298756
58.15709321326716	89.29988620185463	13.171629837418884
48.92872903861381	70.75099491277379	28.061179223176964
55.446317656820455	76.49010885960439	5.551439638357746
44.419104786354474	79.32354991222027	10.689654221821943
80.9218916256816	72.0137272345493	7.105203051883029
32.5487015788773	78.2901324577584	12.138936669612843
61.731807196737634	74.50169079519206	22.738456057141683
56.973472244413735	82.39871356726648	17.35209677731184
63.45539768040088	83.05970206206985	22.85025903059363
63.05770618157926	72.67086739863211	34.911577582628716
56.50899398417626	73.4022136358195	31.710548026752228
21.96716253975819	83.47599209218039	36.458597051906395
53.07901038578278	70.59480970600296	0.3297135410411549
44.810701905383716	74.18775263441015	17.42748360859862
59.643208441429444	81.72920251405979	13.653385811635339
68.33226425459	77.09230978859479	22.70269514674388
37.18029531288205	81.20822510139581	8.611411201768664
51.69641188678631	75.57183175711003	13.265804278012034
54.577684709183444	77.62787066797443	12.92630325978665
55.40591462558402	71.33602674295751	21.338505482254085
60.075851763035985	81.0967116879387	15.601654684322497
36.95620904451066	84.26372999783355	23.993514804189886
55.69729912010149	89.69037491725835	10.79292654528644
19.62680655244013	80.25200392921536	15.043969409233728
62.487640669895285	73.21681188263288	5.92329844148683
55.81730899003053	83.45968519630796	2.678519856911386
54.00145399732271	70.24457410257102	10.352046382622644
90.87976710476626	81.68567740466109	5.601143530483421
64.97579156325055	78.501264167766	15.645396424787366
63.54732617045088	72.82022983903698	21.676797413370025
68.64584734704893	82.27123423531391	17.357520549411475
46.26946429269683	79.04338621504121	35.127053311402264
69.06650486750924	81.0870152915648	10.92698628429752
37.76154087911962	79.25667606781066	15.42086413949218
71.26087857856854	82.15930648091995	32.853613429047385
56.51296726090628	72.02464074822677	40.541406675425165
51.55613277684787	83.30333515102724	2.775220344491636
49.17880949042305	74.06894160228467	35.78555660956047
35.55743958245668	88.43084219989616	16.660316079005625
52.552932919551	81.189966210753	20.51106408032831
52.2650682662907	79.14888336191227	17.096154813732678
56.37440411891799	86.30982556371985	32.081532263706556
24.387084735782356	73.79776979368592	26.727865074755144
54.805488671757686	83.09907976026724	24.006900276542158
51.75373668787091	85.12366598030447	18.668659562918574
56.21317092396003	81.4726720903773	29.727910878683783
30.363420221188576	81.83539382804406	11.805202712224814
46.29787788314666	78.33709484039031	15.775382690915965
52.69426482697391	79.38776891759116	5.901185109535456
53.58375977035142	79.513521122895	21.151140398331773
62.94982603335303	80.68318319730392	30.51486031759725
59.60466729368437	83.26988711952642	12.460934124566544
46.96057221051912	86.15112244788314	8.707941753084665
50.971072070288066	79.2179431801159	18.650171868169828
76.97220317859896	93.14799886079068	49.104595089226976
33.827722133335214	83.40204119199832	21.802219514665705
29.22981795549679	83.0109733086403	20.12925146432609
25.88291765213327	86.65111035496456	12.279910066126213
67.69419353615775	83.61891244463487	32.37996844845181
40.5451945838225	80.96802626092338	27.478958945287637
82.09472347285703	88.54220102699801	10.506952588751439
57.70928688045223	77.57733796673695	11.56967974640959
52.795232720883995	81.6620610314797	15.595115711278371
75.6369484362915	90.60958586187486	7.4905972240299405
55.18741128601098	85.92390127180872	21.34006683240663
38.357164830522	86.97545162578766	13.8935778518535
43.271506054391466	84.31658572101095	23.08673957599364
23.002249946844582	77.91029339639479	26.076333199152543
64.23850482005248	79.21348050718916	11.90496825672253
51.91813049842475	69.78366942521141	5.179299159389066
36.93314595247133	83.59695867190464	14.395797160304651
48.97140510877744	80.9523383867942	24.210272732463274
61.70670678155491	78.23628113966664	30.153908702246866
55.23411368139453	84.58932327436116	39.86982856366752
58.14570160332761	86.49463033555557	17.40844931651228
35.80092733588023	80.14463147770098	15.240710328830819
48.26921287717827	86.28963297999175	7.922044124297864
36.366173107404876	81.20593673998218	18.766243584977424
47.55462979974937	78.62906852083532	11.262163110339522
49.72514011315966	83.33975912594993	11.201189894462232
53.98000370694553	72.60336429151157	22.456749029513265
47.583597888207294	73.84471801197627	27.70054053458622
43.088341253224	84.5121315180809	30.489439321402422
53.49629339801179	78.01444895670083	33.331077185396126
32.47134285145182	78.73932962875531	33.395992222131156
47.51909915650302	81.22735872736	8.506435607496346
84.46933786811404	83.9318204935601	23.365825744464214
24.658740232574015	81.73366045960296	29.375759387602365
42.91377423958516	79.38568961671862	36.23509168162134
61.83306819133176	70.85337194421257	16.586762994552785
51.83584373070006	78.73859581747874	13.346077498825032
47.41753190693073	74.53885652524725	4.80787673289103
44.113681456883654	83.46064293555857	26.080638221237997
27.63233471367166	81.40639089123127	38.33555775694616
69.91345055945611	79.27384197887756	31.709752158822077
33.892162011704734	81.9541413892799	23.554752857291668
44.74692030337848	88.9781046939952	40.51432542062261
32.1741673769481	83.23299556227825	32.020350659251235
14.734759843140573	83.72079172655825	12.45569183083699
46.876916990656625	71.84254440870674	24.334921505522935
61.457929445041835	73.81646081045879	33.50668920873524
51.3303306917661	89.52316827739301	21.766213626883268
56.3455983958613	80.7598084345318	19.990234580563648
65.47522065515483	83.1724804983935	14.935692647907153
66.0446516254872	90.11932301535742	8.807001360938544
34.2250176082914	67.81579024931352	40.04148110813094
48.198617066769955	77.45817426329981	25.735650682856154
53.98796420513678	88.27983167864353	12.427912255932702
62.60712560830051	85.73867956656572	25.83644263328204
50.62773093973652	78.91376223430518	20.93688470227164
49.711660154902425	86.43125263910576	36.95387841045009
66.19557760175299	78.18040070275649	21.18311833429225
26.903873421043777	79.15633785876774	29.690539559231205
66.01609637228927	77.92499358939773	34.33651628678168
41.935205442396494	80.51674336372926	21.0822922467519
59.98907253389548	73.53388216082647	6.38340268469512
52.40388686082976	74.62960586733443	7.600630481477939
43.145342283343616	74.54185567307972	10.993433928741958
54.70140296658229	83.51971252537531	14.820775336577906
72.80099056461115	71.0389671337887	29.4975021719281
37.108080911406475	78.90115941663983	29.606539361679673
66.06005321225467	80.42414276746149	7.706628020062794
69.55098019676228	84.00673003337326	35.60364716468436
40.27202195802666	87.82579670067743	19.46029836674879
54.742897138575636	75.17067748803689	13.262132592920022
45.1160556934072	73.67886171702025	21.176121995740523
29.104779269528272	85.553031520595	16.584779336817046
55.01934173364469	84.88709018336033	31.18731514205057
58.523188184891524	76.59378460568108	23.11596683650627
66.84136089631556	80.16506702889433	36.3441426799194
42.3352838771122	85.19787631313797	7.19156601387323
56.28490549929628	82.85961007642193	22.489424203766923
59.657652173528085	81.18707353363138	23.23222468518571
51.102870224736535	78.17466711593809	13.371877264214067
54.98430650898225	78.3372648453827	22.34369604117243
51.205353677768514	82.89788501205913	9.600509842815086
52.671348739869096	79.58115815009916	30.948477822887952
32.03048510796348	73.15633039571725	9.821335340084644
55.63404754837771	82.0828372926863	31.13857103459349
47.5747322576495	84.38900669928383	11.05119545971201
77.9669796965713	76.2110220907226	14.537582279186818
18.102539755633664	77.32532225933475	39.632904210110595
39.99694996259291	80.94114003308547	8.07712891866734
46.89476931459725	76.71684289490598	24.529350844456214
38.74018282825855	87.60250153407051	12.812963519300485
50.45379249474298	81.28482709906017	21.276505682941174
62.18616733853055	79.29959416269436	13.973398593051591
47.95216447336706	83.96321634316774	14.608424209189213
47.32622205685401	71.43915851101836	16.242749969898863
35.359416539380845	85.1777287303457	13.40861231438262
39.271163196036056	82.03502066860851	25.469447272399783
42.94698308125393	88.70284512400036	18.522972780008242
54.63451937732207	83.9660183078053	20.67452782574307
42.42840953241097	79.00710816725979	23.300051441466707
54.328668963833806	76.70613865773447	21.120468902979916
65.71156176337132	91.82634154022668	21.641455777393485
51.81235180841363	82.51183981416449	23.48293317387207
58.953140014053346	82.30649753444223	32.6259190600008
65.71761374673909	73.61566298112446	9.01940656017721
34.38773684278957	73.51853156559227	22.440446355397043
54.1065729754745	82.48014145451849	28.61062136196233
43.744794231532154	84.87407933215145	8.502737500996835
37.167483711594876	83.43239088801805	1.96071390669346
45.78824652585889	82.9344158427145	30.882806050498843
65.5850955297295	79.94214727031788	24.336158983241038
31.920897468985885	75.9294148655559	23.19135599917087
49.977891009178244	82.19342476503127	22.876105755017146
28.925730862536316	84.15006050184238	20.094544065180703
47.818358028214114	82.38696622160526	19.58619151881552
29.365044950841195	81.71924947314393	21.461943711246853
47.17398774324519	77.0708872946242	12.890622406804546
59.49937669309872	85.25519683196362	31.19241344542286
73.93287529952677	87.08086831064725	10.371744997746823
42.06833764452121	84.59894775122903	7.545201786185256
83.1535010991654	70.23468540403036	8.620760943814387
71.5692535265141	79.54914112776176	32.468876134474215
34.882823557239476	73.57304388357919	6.696301245104891
65.76983828130223	85.93374259458577	16.66872836016603
34.29226248541439	82.6910206505748	10.558084355705795
40.7958963906253	91.40585965518427	21.002258944109737
41.1458731608866	77.79360239525448	25.56547209712045
35.22971261788142	80.55826194359065	0.4535590147084214
55.43232853876564	79.46782134333424	23.92671977972965
45.787282038138116	75.26069951129247	53.88636685576827
57.995981594065654	82.45627144606048	25.33478500439624
61.152379724847364	79.11329612847634	31.34726169825112
34.64473100973978	74.53535524507151	9.240223137487035
68.14912400311414	70.64250734934487	34.82685170550068
75.05541129469128	86.21090863852098	20.619669439555384
38.15202682004571	80.940772073331	33.53287895876555
70.61707322188934	84.09463471696297	19.77329085956499
60.44580328297492	74.47165729579861	18.955569364661915
75.98806820510569	73.14248914718418	11.654020102032348
74.85775028936409	79.11590364829517	34.88056448704941
67.66056556678026	82.13144988951605	14.388204374385978
38.29734196640095	82.93625292367423	19.05842498931486
62.44133163050904	83.48019492730486	30.850366566081235
50.42460225214248	77.17136416840404	25.732687675052723
48.04436863646148	73.8096531263636	3.628777966478115
41.19975320506444	80.99999518477773	20.090308290438603
72.55655034946005	77.27715520761596	19.72228677560292
39.14532496681254	74.3848139074697	7.411281990038566
63.01680477728534	71.09542811469396	17.40048575208966
55.203771669661585	82.8212714828604	3.9668665756619106
58.375034071996126	86.65680756182684	25.10215307620595
57.500509243998735	86.0582657796664	16.582356044185964
72.01702730984503	86.97990478481785	35.37844327462962
22.877408015022784	76.3918984555615	15.679469162644601
60.39734925849376	78.66488689230694	18.194831073533027
72.27507311781464	86.0255493075975	8.483491124257494
57.970540685404906	83.36190055612215	32.73170766635103
55.92539071545758	76.19505430642836	20.462764111055435
56.54519846746781	75.63490603018909	25.220484478536182
29.340360046253565	86.19488578369315	12.296211240556294
69.16033347681656	86.37117039810545	27.487161327997413
56.46532131079824	73.48006426769435	29.551999362198828
66.92850809439368	79.12984105879423	18.595582451772078
51.65084141013102	84.32516512943896	5.479405280343146
45.75745471219462	79.31527204348424	24.762671774928457
83.94764223962363	83.49064921716577	6.740758860341742
48.525171572779655	84.3518589849269	21.322236339076085
55.357957102097444	83.6838589579208	16.13430700604761
40.83375831139672	81.63026703971781	33.195309597629645
47.43775318472588	72.34847864076916	16.529958425786038
43.03786707451061	90.2150776904555	29.086668332680226
24.458711162591335	82.84712903133268	19.73557739489726
72.33192621078088	88.61844516381564	35.794887947561236
63.040536523938954	76.25151700096178	9.745214867727995
43.6589330061997	85.79623520922566	14.689252728536031
55.1793626155337	77.13696486250696	10.781427294429628
38.59688072512241	81.36181257033422	14.599695626429519
51.5737230841277	72.93024121487198	16.25995087958202
40.38691168603211	87.38730814783068	33.181830955132014
77.5151939678902	70.70490751106956	18.769869142476068
69.96762671404983	83.48419280508256	19.766791031673762
66.66559887337968	81.0217075792088	11.450022550094324
43.11367425869371	86.76857448670489	35.36325472666153
72.67111864295556	87.58979784112591	9.368016364952673
51.91079864072628	77.55668186560274	25.16487200504606
28.2961429554704	79.44363182294056	10.629353403193772
41.66371583116027	68.2146977131793	24.593021989480132
67.62071104414117	81.5130944207066	31.483367301077358
42.69113823789667	73.3854588640211	16.167966847882884
52.20466957856317	66.98581428327012	16.341313636928728
54.985603884188116	76.45433887714385	20.858007624416995
41.47435723103097	85.56450429282467	21.31512120988348
61.48935315285369	74.04563806380136	23.49136650119381
31.899375529826948	72.26671639683565	16.529952222225287
53.192441844655626	88.78679563312775	3.2901097655119536
50.70869286213059	74.62921579782974	15.242863389447932
