38.65377368483506	8.51247743149355
16.922747726683866	7.778496541435294
61.856766783108554	7.085842117954343
14.094713288735292	11.22292678446666
49.301691222645445	10.265386930924372
68.35981365068766	12.72701780364347
72.11566445446206	14.108190839353043
80.95380510785338	13.638054218008755
30.713171859097766	14.036862063045604
74.32081268604205	6.50489370413521
20.784249316498848	7.008186374969773
53.718796988554196	14.45411213185621
31.064099336451612	10.504419060929763
40.51490694630594	10.492985578207266
23.63996366577988	13.573649153608542
51.708320786333005	6.491164859288915
37.98949763700614	10.728093888479155
11.31079318276307	12.482916021935159
40.55044326141209	11.872144969689067
17.56169029452004	14.731016645755965
38.307214381260806	7.569603779019212
34.35990704903308	14.487300001700396
32.12934862672256	10.097220949351275
27.888731993872753	7.900433352833923
39.946787792515074	10.289870819440168
42.79112263208923	6.8560676067268504
85.40166462678752	5.41123081329534
55.828573878117396	11.62944732349855
41.7685375493786	12.459501956845328
47.80129605012477	11.962230868304722
17.23020143086292	7.40144167054312
34.28021325266255	13.198945126257353
65.43305550078134	8.010416413264767
63.19235136915782	8.5044422750586
65.6843692989178	12.290511471971612
74.96848996546703	10.715122933210145
25.95005669014857	12.653263703878343
60.71571103765723	12.257613731664916
34.44331969809907	11.194695122925971
53.45064497700183	9.209441121557768
22.740042995261728	11.648327200399367
62.72288366156444	9.538155306943366
40.94283430123726	13.151883113882764
28.736343464281916	10.21216885047334
60.007513507492895	13.654746593587728
35.546222033227316	11.139889049221313
26.781686340322388	13.475054184021591
57.854285530048585	11.095773574454231
56.30392840031783	13.83939376531864
28.90400642020063	9.648695217684054
76.64939739410286	11.886052573109883
53.797681643323486	14.964663455191829
40.34109596580346	11.398007228888623
54.78376312300149	7.477313882983334
65.39067522456544	13.23100376939845
27.586732053827077	9.164474892056996
66.65902210629935	10.328135515935259
33.33399443241912	12.214522830397506
77.00699607244115	11.7336073558308
85.14192243178971	9.411531059683288
36.920701019261585	8.656881021435536
32.07964397316583	10.921145861816289
26.876078567731874	8.758008714956201
64.59936599997818	7.084319055249232
77.45185711278903	6.853656060906397
30.440046450247443	8.664620653368948
24.787741986074213	13.165211678782898
70.31006890821979	12.157847195961118
60.61721483597327	7.73832018357661
24.931906144456704	11.118486134626648
37.304334942399485	5.562659919039362
60.807079435784715	12.82540865818472
78.53208404851814	9.739919293281318
40.01928733398737	9.625638902264718
25.074004371814716	7.7569024567747
52.32680802727575	8.532590876327097
36.76390981263071	10.786792464317552
51.79452765274496	13.622943471889513
58.83665574172432	7.832420163580744
68.70270506052742	8.17589127417223
17.773011804146314	7.227454648018062
12.872673636782267	9.485265265527316
75.78424532521686	12.081839723875701
69.22581786765741	10.548293650217804
12.85797862352284	6.596571071833437
76.22464614124617	8.351389598987161
55.85337059805174	10.614286648163878
16.43162249673449	13.807825843095936
81.05453870787635	9.295119365833209
19.59010632644653	10.256117228062177
39.236644877760426	13.725850637954174
38.71247455948759	7.376299840307803
65.85955890718601	10.760646578259035
18.849240409548035	7.089698810559746
47.49835115513913	11.280353498639673
83.02744727366148	11.734395418718476
78.75466496530117	13.49440297163602
76.26617497790103	9.153490476533184
29.43245904946618	10.639841718303893
74.64771147345986	14.393191238554882
71.66019060575285	9.837979606763271
59.0534896148531	7.3302264828451085
39.55633684805603	8.077296408533634
45.29492059668093	7.933794866983993
38.29115086616898	10.109371742790898
57.216103574042	12.164005153252507
11.778169903695868	10.299944481340757
71.41273352419329	6.5788795232481885
39.760922597173426	14.129849705999824
27.485421593028487	9.747657383182775
51.71537263841162	12.378967701733066
55.347265788138586	9.784195382381286
57.69954021164762	8.464447162113359
59.816898447134534	9.658322037008087
22.0252868591069	7.665757970012518
59.539019627406695	10.301732206655217
43.51253657902088	8.860457788258538
27.865854302685882	9.8006737728595
62.58567044238438	8.355660321159181
75.92007195020074	11.369389960676786
54.634585512635546	12.592299321227442
29.931534087474358	11.06358089911445
26.089734053431435	12.406993489240687
67.12149069658193	8.867886062599855
61.5095183628671	11.02352620881269
59.54165023198637	7.608711689094289
58.97643527751193	10.191530938638277
24.91265402911114	14.352697629857085
78.29082813382249	10.155360742125419
51.13956736750937	8.516178457942456
76.35531174148272	9.780322216468994
23.139947073408894	8.546220603748846
60.37817422394535	9.891853017444019
79.08261416457351	8.350552350340255
62.278142981196666	8.085099060160246
30.906514456264794	9.178092393715565
51.369798154921156	11.782053505700087
57.699552340014584	12.530706651794894
58.72816337867389	6.1461161810821885
20.849307353348014	13.553311641197027
23.64493676240288	10.473125338867046
36.526797445557975	9.162596471439533
33.13248406728039	9.778335137495409
56.38353629075475	11.665247242976449
78.50983218732485	13.761389693567832
38.87524590171367	12.798926021586801
53.67055078796803	13.160563780649365
36.05843119443385	7.513836715201997
54.1299140895633	6.998969744195678
46.84780090790199	12.142596340928295
28.79132638770323	9.938075384080665
44.619231206605825	10.930551520808407
39.39775276801127	13.373099112982478
22.020330220628274	12.07427227145887
39.32563025279073	10.893389081080551
22.982917905003447	6.498188698598041
37.11453615136725	12.581372807569561
62.14664885059433	13.0910426415649
85.32840456999371	13.558595667609431
53.47950953483699	6.9724598214947475
71.17529150432314	12.468231360948549
63.39821945601921	11.46574077020799
40.306893235305125	10.270424272065839
53.19770640665471	11.194495864293565
57.95086534021849	6.436489027825809
38.73572362347267	10.615192898342368
67.00617706337496	13.865543516226088
40.022241231274556	8.588966663786236
30.276120991875203	6.904335228763177
70.85245691910451	7.859483332037816
42.09230228904422	5.390040534145819
20.33066777365415	13.859201712297573
19.619638150193328	11.302229945106193
59.63490954599991	9.560019364204651
18.210426185949025	8.55965211072737
27.631366361407732	10.807046576575084
82.51972950969181	9.395586019298303
50.15787828346385	13.254536639137488
40.96895602746177	10.511077935263469
65.23778621249461	9.905933442962457
47.347912939685216	7.819747843163636
40.567241425385696	11.055089911878866
51.63622378800005	12.158444414607716
63.09822263753735	11.836535773219637
67.20227367463983	11.916302791754966
16.14095881296017	10.051777544302356
65.23395393332115	13.560333244176466
46.88502367999418	6.820974865696758
49.856927159424	11.00552867888431
43.33509130832583	10.197593991455461
74.86762397580229	12.72954242524732
39.76000943204216	9.44913501478761
64.45799756924295	8.48313169316787
46.88000188624714	8.852719293879012
61.464203739676435	5.937534143405868
85.22613156214769	10.322944205625783
27.934758471968237	8.003297909934872
66.19305146801611	7.086678811447454
42.5756625315838	10.989421828977576
60.28847116877866	12.517894661346526
34.15395378324234	14.598189248299414
54.63671651078727	8.864469461099077
62.88162475463378	12.899741758600173
20.83898067925116	8.328691275372933
39.447142074695186	11.774455726511288
40.96357034321896	13.422661294930755
78.45800096197172	8.206121689948999
71.59071849084097	8.78735809698945
42.00490984443515	11.720339756154239
67.1316871637671	12.303548979171193
78.76278229438087	9.009461391750657
77.08801089746208	13.530361759237074
50.30131215465941	13.528337815242732
51.52056160398291	7.6043819633318375
65.26112588385064	10.964666242937032
30.134654251616	9.664847444583161
39.05918892399795	7.4765854356718116
49.09442341025248	7.291131774503933
51.43127851756792	11.616010617894382
61.23325434898369	9.520243026307625
52.7736692674434	9.950623780291899
32.305185538425704	11.862490051392214
18.983046223620903	7.736845220273184
38.23401372971691	11.50160242739422
72.33142145246805	10.612723670376868
59.66710319924262	8.33002237135064
25.158996570780737	13.580496729714373
61.29147301756236	6.5581766839031035
23.30747150144022	12.574225533197819
41.998940267252976	12.283251602034994
74.91959011651946	13.518664606942853
11.155355068724816	6.778492321640979
73.98941837101084	10.747820449528703
63.74598387542719	10.540408457889352
80.44711231687502	7.736903801625893
84.65264184757984	7.5087037732144335
23.664275524940244	10.488051665773805
69.9145544998387	10.927880012640424
74.22857253273837	8.191775418210488
26.880182276281992	6.851092168145847
56.86143217355148	6.894266491271568
12.619157147489453	7.821853660322507
73.86636085539185	13.709263093899487
35.36198998933951	7.270560829625333
22.821190389732024	10.587904092588396
39.430385890776755	14.163019865878164
66.64272475325423	6.413057451150923
46.473776175840946	9.479666377444376
19.608278646211936	11.688200083449784
71.01422519656737	12.106224684697256
82.37587843505406	11.864808581176554
53.59418484947101	10.136269250484494
38.692274737641156	6.527614823226047
77.37928487010996	11.657120336982691
70.26215310359646	9.811872988831123
52.38924823599527	7.394952167326432
32.36555408200418	11.261941613786579
66.99638485865981	5.784904978871844
36.48851502556467	9.660275698067938
22.833490446813556	11.63288319561576
48.87445840988432	8.543891414050066
84.59740698813727	12.673301996334452
24.12324041026585	12.57163513066557
21.614247093306922	11.224170521592153
76.3105894225275	13.314800657983215
28.72958842436376	12.194811793154416
56.509122318670244	13.514107107719894
35.20647566345606	8.288250757525052
58.40730546104463	6.791554232970163
65.17961859248699	13.656334518219523
16.389528232278728	8.95812962361941
56.49708654622938	8.287104376558393
44.94691046024291	5.4112937794516744
14.438049605139312	10.58083154917437
34.76291274126203	7.885255542696886
46.84488203017112	9.577187749322487
32.20196192281589	8.376885448574766
60.66126367432722	11.211711680629898
53.84206982188577	10.35086625381917
65.98490672840555	14.58610441878611
26.050776655609816	8.255855966381134
27.66465913689001	10.187863528793038
42.31735970112196	5.457655077701672
49.45004748636219	13.146512477002902
33.86672901885129	8.858376404646165
21.770577257928135	9.638163885524111
14.098961209775979	10.976659329645683
58.99087229476727	12.330676097972669
58.24928596774813	9.143795601975722
39.74706721758317	8.391577061996239
81.48073494023966	10.835682017302402
66.69062435503058	12.98235402190332
87.92001297531118	8.454269067399414
84.2701539872094	8.354230248390458
67.13735454976897	7.950386331712006
33.866177209751896	10.725640112812641
46.46132418726743	9.823206829166493
53.65089389946425	5.027928419208264
14.783911744484747	10.00492998392007
38.185914426096474	7.6142503590509065
23.174546656017544	10.83855445959134
45.81352857913058	13.187851300019336
49.185238398502094	12.823190245658667
52.39102680840067	11.791140489420336
65.76969240266773	13.515257546965218
43.73346320667963	9.000243343552452
42.59736931923537	6.142967686676268
22.649242403228953	9.26625426849642
37.98444102219678	6.2953802082729595
45.491951725862094	9.303893231272797
26.526739441963652	7.618750712191184
36.74236431982618	7.5843136184370525
74.60927828390115	6.487350357806774
19.694043842760873	10.819906891490287
19.385653581153093	12.739811132166004
71.05415743589963	5.467628628478073
38.70352577644873	10.666790799893615
86.126001832979	7.112415890571819
30.857693402638407	5.1077248543679925
36.15944933629426	12.397176748400167
18.18801047326419	8.400001500017929
38.78846747584292	12.926093851127096
33.74503843426704	10.01456819472409
44.523456536583204	7.209720194674434
17.723109047605426	8.301653458117615
70.70528197851462	6.137284615355128
66.66810929165487	7.250757044113109
60.47641798938613	7.465192116272523
55.51418697396968	10.58107708108936
60.84730800077692	11.369800365709683
84.59582435180079	7.6778137362278525
89.13106634272916	11.605482454802164
17.15787144954144	11.544416928371229
88.90117709321001	8.910452622406543
39.18275111235701	6.915359774298669
30.717942847973106	8.215512926175974
51.82976408666679	7.570464014335093
71.14100553958123	10.041488652233243
29.895835259368518	9.193730262772501
59.263462839589934	6.987325124875829
61.95281297861245	8.121939104672512
21.109927050959882	11.88098217012206
22.648567721231103	14.830982017799851
84.17572019635281	6.334776058806046
27.756683009412427	11.652617384078976
68.02481315464506	9.767786264084798
70.29359290964376	13.489245894859211
43.13156399791302	6.704278326016491
57.576938039319415	13.552420585897142
52.36170062441883	8.304679339123382
53.49708575241639	10.671917820979772
60.96285707982958	10.254411011879998
60.15296507125682	12.202301308401598
82.85282595048469	11.941265839924052
36.59722598300545	9.863011267916805
52.243076976745826	11.160851556311389
80.95231811210277	10.620842272376306
22.020126827072843	10.424765591446407
49.12344798467456	6.000674919821229
57.3694074006401	9.39274837480464
34.687177746343366	9.108645667171846
27.572932676432806	8.862130671267526
74.90318678680433	8.485656891868311
87.92843076945968	10.939091363734242
53.803510802818224	7.578250353273308
53.11292200124639	8.744295325632402
69.79503417241125	10.571283281716278
59.35600209676026	9.184960253489914
76.41797699040671	8.955586684307567
33.68942359935888	12.822808342643317
62.0571531939477	13.438988708125173
16.093792270175356	8.137798608438287
86.03446835848206	7.918168999764411
73.27162268095786	13.408768060993697
30.383958679818118	14.650284118647306
82.37845245124154	9.783791678753802
10.196736085108562	12.693192130414456
55.90100065294402	8.13322485795858
53.60871161350013	12.696019398401848
44.73394228077613	6.595812691290375
26.352778410733364	7.767638086066127
28.530119708433837	9.772984269767132
79.12425651105299	6.434296399064538
25.872261167720595	10.185892251288857
59.51999234325209	12.710759656078677
49.51851376094098	8.992160740231094
12.514920074550808	8.346893435606376
51.709917031108716	9.490999143622988
62.24167239959888	9.12978242203603
72.71174230671117	5.7491855384597725
32.48427713894644	13.522471379933165
56.55453055271706	6.6292513499954815
70.89202645426626	9.78577687930556
52.20131719154161	10.85422122315292
41.061819907767884	13.900473884067637
56.57930859003189	8.069271701655959
83.43320073276912	6.310878023476755
82.22408749191717	12.9894722621126
22.08354824225055	6.878705762978116
69.73064833840378	12.059984244945703
34.29962973081079	7.8296729897508905
13.466864571924425	7.602640583935916
41.10742744166481	9.869132963221444
21.777516862359235	10.307389734650098
68.68652341962888	7.190477051810291
70.71218211137811	8.265245098562541
42.10990958359207	7.789644450346841
49.206096883691515	9.209565469483431
70.71938186631724	13.240147771929646
47.52123199363888	6.995270155532607
51.17047786284436	8.915315452335847
55.07897205143419	10.995298424486187
43.621727064972504	6.958617982520248
66.51446699850672	9.750933654245063
23.72308343182048	6.803783994394258
66.12049683405803	11.120342314771504
51.4070177448004	7.602182792319022
79.25002919379043	11.182673095970577
47.1616157780818	11.650723756723078
31.95544992101308	7.585708509051913
75.76149198945075	10.026744920133039
47.510723802866835	8.95537569996776
34.78501345850289	5.667582337701067
48.08371528912532	11.474396858498553
42.35856209234777	11.915129312468666
67.38477513372611	13.040845822475491
45.49098149597922	6.525768317184896
77.61146820043177	8.465642574187783
60.48493532380001	6.159488723139784
76.86852891820485	10.151104580772328
68.76543867215614	9.542119056984895
31.398681132586987	9.75537760273664
85.71431858003183	11.685500450579543
45.503514222822766	12.377417011973957
78.0099908920269	6.141404595078394
66.56528328428257	13.499925278505705
21.059641506444965	8.939419124508229
62.45956692348233	11.6433953664968
55.92681135144712	14.27153849701913
85.18237835375702	7.550299042160777
28.178056376869893	14.699510522319528
34.667743827952386	12.429300320523726
69.5262257724689	7.897703791065144
71.77349186659512	7.614867913401327
44.45012547509312	10.192975802949798
52.41068148530361	10.669361231481657
13.828534266841793	8.935301337003132
67.38967722600172	6.052149339397468
66.52361335465547	11.856340983908238
26.4750888250169	9.651440942142852
52.25588838611503	11.560714814293254
63.26725499597684	6.473380044955825
45.42818842674056	13.644151373758973
20.39752200087825	8.796598885425608
52.841755511342576	13.546231330692828
52.79633179284528	7.305555767994216
50.815518937368665	9.848292553682084
89.78168429532647	6.419966093839744
75.86043413838969	10.78287799515629
64.54579582875178	10.782775269654014
51.27153401713765	11.672788613606162
56.37621758290751	7.147482092095757
26.859985718773906	11.731099110544049
13.304430240896316	7.998822221639219
39.7966652007603	11.707496189089495
62.89933669643117	9.338919221110771
76.78154775568898	10.85740771144101
53.43062574078411	10.379758006504604
40.32128257025797	9.53607079374443
28.37456106041489	8.913534625461395
41.2456488266702	6.423182616575262
63.877281295650604	8.430396601667287
60.39568959452368	8.5913754309426
39.71047367475327	6.100975164567621
58.23054525674162	11.68935654757659
49.26023326471639	8.388416308388152
88.17182646975441	8.074747232507999
30.19496292584644	12.678791880778503
60.15496263642741	10.080879441779327
72.55169127038448	8.358947036388537
58.971351591957486	7.016319293794008
66.68561863037749	12.956094300945164
67.27209459602912	13.43438380116832
68.63234417463956	12.380745897359727
43.889052742382255	7.181886145137938
77.47545898826738	9.67036928037547
65.02622346329989	7.75378760713971
16.942457725016354	6.218522653022791
59.86336046436966	12.816460093968486
11.411439846710834	6.224724776074718
53.53904487208065	6.369894000176717
49.25734792696333	5.45032258599024
49.37275987740152	12.896731939905552
33.789318570944346	8.864437904393462
58.86215703780145	7.454569138898899
42.150211887483735	12.396098002465928
75.93169998988847	9.011086881423713
54.031753156613135	8.986050485022272
70.69704754365354	9.543403820059178
71.22096070604337	14.827925929335663
99.08693136672963	29.4917035918272
67.93958864650048	25.734282644965045
93.48770865368772	27.72046534773527
64.47408999274	28.66112755100044
108.05966340707836	27.518819665223962
71.14648910977829	24.062354552756908
88.71466176095159	21.21288297782343
66.00484268451153	27.71373607949287
123.23559261546862	23.1822312941789
95.12881495761302	27.21934345204594
94.93615797250759	22.874037468450425
126.46227217026009	24.83472882037542
83.3305211799003	22.092564734608416
78.59835645254815	25.222576917290723
79.82715031708447	21.053700057483514
115.90190881660759	28.18347948847234
102.67938220719734	24.95359873142337
100.57234833974545	21.86278106195134
85.00685121498512	23.372740415402028
64.9577730239225	23.47741749510123
76.02538249376776	26.77214234982605
95.48574707666245	23.953191741123746
91.4524151154097	21.83679495880688
86.70826985804084	20.948822324802933
64.4285504583263	24.998730027363635
69.11045857998138	24.224973550856532
54.09837021799023	26.360771534568173
68.97374743699962	26.46910936982373
78.29773805996716	26.70059929969259
55.866966165651796	24.850903626663406
77.18120701679479	25.588127477991048
104.9524156889392	28.35659766343725
67.08272675170716	25.30358161484021
67.9822081585849	23.101914434954097
69.87963499534666	29.030400723188446
81.5948877915562	25.863544600014393
114.33571091830237	21.34327406010005
74.3555405007167	21.769627911801916
60.04788867924102	28.048016226789372
109.18413821902242	24.985912338189422
82.01676029403238	29.88256717802655
58.12797785911303	25.275023055455232
63.456943887438165	23.320596824718102
117.2913402738299	24.590394852176512
80.1134168844611	27.95475101639905
119.72242212414889	26.044576580133754
95.51003186667643	26.30694854369759
67.04599007714424	23.609487651174167
68.60052044256796	20.968520445608434
93.60877400318509	22.942153770232398
83.83928081338698	29.793959367554855
93.8586085894577	27.87230680944847
96.61053727630288	28.91970685532146
69.35207354469456	25.98872844741649
113.57323548443404	25.477396277645095
127.24519121128097	24.240804041855515
56.645988829164075	24.39819292754651
64.7985497291029	24.020637184105667
62.93831777140294	26.275887973004636
81.54683456869573	22.556589510840492
91.44060889143782	24.028722965752248
102.8244327182436	21.76138524256696
124.08935340101868	23.949324120815763
106.25472717588511	28.964832649000297
88.35563432470285	25.514993405398435
115.72684150769912	27.703399213470064
69.46770048777802	26.93980084300684
119.8970062038175	23.743138644414103
102.98487421744913	25.234622927422812
79.10682644959678	20.89597958049935
65.52818908207038	28.90423086115668
98.2056956524402	23.032703464652847
62.03187326493228	24.93033159896035
52.68196503878746	24.631466787061495
92.100875201328	21.237083064431392
116.61627747123086	26.99527373713616
82.9624705281574	23.4080132128651
77.61221132824473	26.975602327101736
80.363121090358	25.488285235743223
88.15603171022389	27.49145662465918
69.34570376168949	26.6062650037807
103.360803082062	24.3074286262573
83.36163386623763	26.926234107060584
97.67764396449634	28.75431040784265
75.44131397961105	25.600344386331734
86.42428154160717	24.934768666835513
83.40094842651972	21.31643757742304
114.24878030140272	28.251862750611178
94.72720552358824	24.883971494004086
51.319740741786966	23.886139034179255
51.3503462404386	26.116391532552367
78.49207775432686	24.02218340226903
70.31793266470385	27.039081123379635
77.76179579985532	28.495268521489304
107.22770079140986	20.718236072864286
63.8319982036991	26.473125831876068
88.6572983126487	23.103376769969945
84.59246326249814	26.010526854352328
76.67330395544991	28.861961452480564
92.1716487880287	26.619782317105404
67.68676328682139	24.191825053620725
101.44508651537146	24.08976072618802
123.49545354425017	24.97545162372026
72.40327071400363	22.565566173667467
102.09852737886482	28.348461695402225
75.570416611989	23.946681425639472
106.1515186667275	26.349904645910016
94.52015182258026	22.210591187000546
87.0965998725057	22.172334473488817
70.63821593707453	24.45182432071764
103.89747021302453	25.95941468675388
52.960821554244234	24.12847456456398
99.98634812627877	27.913931165464327
87.84251542648786	26.1798344706621
102.6410243273975	23.590147378068025
97.07108197295584	23.4451609907713
88.7735813419049	29.394173701873918
109.57763524745768	23.874684780470666
113.73444250778903	21.182954744266844
65.43827028573533	26.488491110698504
99.82883045261934	23.929483695817968
117.44318304979761	24.337087700485103
59.71443664485972	26.279305987882836
116.73395385370915	23.284486315574465
56.850707018711326	23.19627094916873
108.65171017274892	23.17182362467146
88.21380920475754	25.792111133331133
94.0439742963202	26.86570828214524
71.08737607588807	29.031680453746034
101.78426206680169	25.445209461898028
109.72000849280721	26.09724722072338
64.19943537237768	24.964475591679317
84.72398599229177	29.661488972636548
74.78879921973063	23.555208220599265
74.67131711918579	29.41744664285429
120.2714292688878	21.757312200900756
70.27991164759165	28.221528768892007
95.99948885431341	26.298989121584768
95.14740493953292	22.38312570513129
92.7824435821015	25.515973018167948
93.6770107698962	25.831160516260695
111.49957157617405	26.60093521444398
58.16154279299198	22.894753033152035
59.712269783884224	23.51269959457733
55.24982674669191	24.84756970533363
71.99401060202295	24.480676306194223
113.86497248447252	27.95046148071064
88.76386443588696	24.676772349292648
81.62622659740549	21.307209890117694
112.05571037388177	21.0784388823247
99.38410385065696	28.212236707856757
99.24706353992455	27.503706842059994
88.30787239298742	22.688524068251276
87.5397597270859	28.53628492452784
60.970127818588296	23.126641215335088
127.72908538863592	26.246140410091098
119.88678095153593	24.739914179164717
86.35160711101175	24.517331161527625
83.9023914446952	20.120061901906006
78.0635805181958	25.046081249597894
83.93899193414869	21.512260638809032
61.753951671084465	25.148849980293136
83.50209693765848	23.302297815414978
118.0281320856356	23.994558919277047
85.5483174101691	22.828075092507532
108.0443188595828	29.297953847799455
82.17332511498549	24.8718548381436
95.14221568037803	29.363267756578473
108.71260735952195	25.62881151162746
120.67773682544495	25.706667779476298
104.03290402314721	23.67788862489429
67.07500169853706	22.503235697855548
117.59377663093414	24.453983996667354
98.72857547989793	22.898218884695837
107.38545078727752	23.967053660682513
95.8731443987424	21.738794563504097
69.60851436943409	27.47197842587655
63.48919904688121	23.042493673713484
75.9090788446239	25.494575286670308
57.93980621212748	26.983320062766406
109.64311327717219	26.036106137401017
91.01757552488057	23.864509392238066
111.3628067555033	22.528884357550982
84.76032349057122	23.070908530566673
57.40106258983938	25.970404802262433
92.76966046033414	28.07414974359972
97.2499765906498	27.99011213814179
76.29987385358278	27.223020097485872
101.8279863009897	28.14021900872288
62.72605564933897	25.023070672209975
80.44467107264971	21.839057493824846
107.26288393827271	27.851864132105472
88.77604120712694	24.682010130522524
101.98989517890688	22.835601630885385
122.36242253977612	26.103424155428662
86.19335125781686	26.308505797661677
110.14743692871681	21.023251054378566
85.88647475090866	26.23107217372422
86.89026884549428	28.273055386506083
59.44512921510026	27.441926569572512
121.68990522560239	22.5876212005595
90.31910245220418	27.389342930401654
107.17323686479378	24.75425120925829
75.16601985209158	23.93951028814809
125.2563751580967	22.725509645154073
74.86415487256708	28.283992047880453
93.15497305821096	26.369991408725802
124.3836769381503	25.09855861139317
75.27682136766532	25.844369906764673
95.90340098134905	27.423615046298814
97.98707493707857	22.849689801260748
72.99251621773851	21.754345995829407
99.87665129239646	25.56668825661946
83.40083655677796	20.30295930528289
105.58379614957092	25.854850853509685
53.068985651235245	24.109318836071218
109.44207588201951	22.231601596839354
57.904170850000654	24.350922559057466
86.28167457718439	28.658433197912267
109.44910922235084	21.39067447752049
92.76919947734291	29.458929036179395
126.18856112104405	24.625706177868178
52.676286439407136	26.771453789642678
104.02956688751664	24.955920941036297
100.92157343277118	29.29472070171801
54.72438470291588	24.49161831840011
113.94386208493381	23.63965217780475
67.45352874122105	22.415381968125537
115.89866712992654	27.36762236214908
126.04298156265779	24.49564265695808
75.45443667506169	26.19195871841696
86.71191586522292	22.43694173345564
103.35017104721695	27.266260302866154
87.53962307903335	25.309461081547255
110.33923644065818	26.13158871801966
61.96030900264773	21.690877057082325
58.83455633420314	24.153358631027483
119.17120724554317	22.968330973946824
89.88460487739769	26.048900264493664
82.28023161161494	23.847978401960606
108.2105431572786	27.462646062935846
126.02413713017104	25.107403983340205
103.26270491654904	27.981789251538444
82.92126219960808	23.071519385089456
75.99205127623105	21.4642551645634
106.20401733841506	28.572351711199936
69.42056311787479	21.999632910160717
90.14039831321847	29.503975940489052
97.1959098698546	24.25709722515475
97.82315600121296	21.582390895986524
64.85761705833248	26.229441135920386
78.35426223502566	22.120281790877442
103.95521784530565	23.839875629240296
69.02013448915028	28.340351789832198
84.85684374589513	23.130422632991944
101.50801685059221	27.40966951314263
75.55092670761952	23.830925413974555
93.67754797981303	26.775523029223514
85.13293174690219	25.379348666485946
124.99147573553776	25.75684440350254
90.36170288704209	23.276894250594935
105.67888213204475	28.00273116088449
123.54482176888793	26.753005798068674
119.4347873229253	24.839595825493145
66.34290960116212	23.589943643139907
75.77704030827255	22.87494160247169
93.49139109209224	28.757612345239735
60.640039678093586	27.141295098945555
121.45691705809008	22.83592174091657
89.49242289222497	20.94093241297466
73.95483984981784	24.298091059146543
93.64703049239066	28.398538876360178
75.94912099614159	23.24895905887976
109.51171186429072	26.395333399032445
101.63082207448632	24.589655130335483
106.10499074861924	28.277650872087264
70.85694563737546	26.7137128851355
85.83886477090418	25.7441799676669
92.25845217881792	24.66114508316453
105.11354357087434	28.394811322646305
97.42954541666874	26.5840696048317
66.02134386638694	22.759726417671615
127.6542989520629	26.225123627322148
99.27491070938548	27.94842630478862
69.23214471347478	21.984713072637266
86.68295582519316	20.349541196719976
80.69662640310935	21.819645993566112
102.3391921655118	23.00165021067928
115.961673950171	27.058592998329964
113.35434885419664	28.249661942772278
65.93202715225675	23.44557935064052
81.19174864561283	23.969023454430715
84.75321481612538	28.10172118851183
80.36501713946949	24.3732219037696
95.35596632067521	21.84562630650602
63.801811550103125	22.602835046628968
52.621871590774674	24.314162553962316
79.96287938763085	27.1061071104394
97.97318386982226	25.414601713560568
82.35546695061365	26.763581786807794
89.89735410131172	21.861001580741338
97.96740182419798	23.5156364354848
86.30459332679932	23.230567050041454
104.18209115259792	24.565670798530594
64.14503905753705	25.19246089334403
60.934803955227515	27.406232684833217
77.48015016947517	20.553134051365454
111.58092885454488	23.595541311816895
90.74555619096215	20.11005163794095
98.85408573367235	27.65661709590069
129.33770733727135	24.232217312954006
105.62681129441064	25.81734815682205
117.50275512551714	25.983842694187395
102.30842258275217	25.136853871084835
96.72995122701525	28.299025084097668
104.50848593959154	25.054566694036804
85.93069240572427	20.094028060077406
110.11558381493684	24.413952784132576
74.67551899594866	24.378995718813197
117.72335452304307	24.060688817119217
61.9816173954301	27.43615771693254
81.86710853076595	29.41368352799637
60.743506964379	22.461766152561502
90.17647952163726	26.08902657391207
120.71150611599164	24.12561298759323
96.81660395455722	28.16983420590338
100.8126881490259	21.75062924828057
116.65638701348018	25.951688158102584
125.67486630793525	23.936306832520273
99.98500180654645	21.259625062131203
74.82296508564146	27.819184849277004
58.995498199252125	25.50033292195897
111.6094191754281	21.294343221489026
88.17064803627586	22.923289690132517
75.89073043617319	27.189504211657063
71.71673488759946	28.135606018236874
71.47552426477175	28.919012067170083
88.2885596350506	29.09470715001282
115.37533975520205	24.436093787414684
121.21680607186606	22.062688667892157
86.86771766142166	22.734642981042867
88.76024893068625	20.540330633898485
114.51245159561722	27.365506002022972
109.36843425398666	26.706749573523652
88.95799577136307	27.620993135456704
83.0421367121841	23.6676983574961
81.98806172785255	22.505096605026885
115.74504838117342	27.472534064289803
118.38142289230322	26.150115868309797
100.53722624057836	29.737745710184
113.933085418694	25.953772504188187
126.57764943678784	24.050602463027744
99.56058679670065	22.584965985762107
123.31419239687779	22.302289665254545
89.34697002177529	28.164538531086947
92.0042338288081	25.68961375151337
71.40399824640723	24.346544740861173
77.35284866799257	29.476963088951777
84.27077292262794	24.11398168233323
98.9301224058151	25.586296704325463
101.82735789809557	24.54760492830769
78.73313550582148	26.21174199899583
88.34740471068908	23.237374907713786
103.15177918352737	28.69906262322361
79.72428118356856	22.978910579407362
84.63870267687278	27.612422647355434
92.6825132225285	23.23052555237466
98.79004568328654	25.6548684805802
74.68378075636022	27.649299866671477
63.403178425416854	24.077417123958476
93.84438527651879	29.276908769182036
81.44713274474947	26.33445207353923
72.74874402931417	24.39952681697061
70.08786326817366	26.17798025549645
83.35384681368085	29.651813216939228
77.5978446418798	20.435417266030253
95.96246464908359	22.873304460140137
76.36951690248091	22.208310562773192
86.8244070461294	27.878925934632818
81.63138974013695	26.018689469072495
85.7629127537887	24.267656998848153
62.09436188824534	28.39086983274296
107.37380100538194	25.424456675853033
114.11766870854197	26.36099725910936
111.62843192002452	24.056039815630953
92.42237839314615	28.87360123684341
104.77696069711311	27.684133069827418
100.60144339526958	22.65717444185993
102.39004769665682	21.016477519581187
90.2817693007632	26.990677925935827
105.1165883693289	24.745203505304634
92.8378425682375	24.206011389435705
103.88263465305381	27.40884856743774
113.0721733816251	22.27445743474576
97.1712471414291	20.251373134339257
94.95936678970116	26.75381367390672
69.17309214479737	26.674884883965724
55.84864146239296	24.82253252398077
101.31319381237574	21.766908549141277
71.72474997300746	23.928509619095003
105.66186603038325	29.446463516993703
87.35642328542745	29.125111973236372
93.6870555046162	29.209623443668697
54.19753128728746	25.569990256346305
115.71636351617008	26.12864704105396
63.389054698677846	23.486977009771202
95.62654844541518	28.30407856373861
92.13052004888233	24.16834173057708
100.07409236288642	27.10075684507487
60.17689048565913	27.24501068676652
62.936513974092065	26.54993863466627
69.50110825487457	23.591343036891853
95.45027430476976	20.960789408809113
70.57178539381422	25.00078914191691
74.1997357773937	25.55845485188189
125.47029423773105	26.00665668844139
116.66120039868576	23.031245254641576
91.03064682855401	26.61350550481821
70.49242392392226	22.963385481689247
66.88342109950308	23.7281330780492
59.14746155497813	26.898369865818477
109.1683660809448	26.375882783886446
63.66610347403302	22.22884224725498
109.48989989447314	23.026516508757336
111.49372987400264	24.618923686867443
91.73363377417823	23.09809128275861
60.67496635979599	26.086090544915535
107.96385021002263	21.432420193770596
113.6216439570754	25.27494342693496
124.36250267945522	22.995146466597745
114.2545982726171	28.32673889151515
76.19537679840381	21.427281274238865
81.4594949700084	23.83230800616488
80.09211397413483	27.647042542791603
107.40054867443504	22.5817691114719
104.18630372668915	23.294198861914953
89.10108718229367	23.818706223890967
93.92615800741173	20.310724871517778
107.88971263631828	23.958165790359423
70.94502098528137	27.69682823392398
116.11803905982775	28.18016772722697
103.43941746309584	29.61938591874734
119.48356436318205	24.763964511196725
114.72589362444596	25.81751400149818
99.62570532550738	26.878644005187667
54.625150107485275	26.765653554706816
84.19476007108685	23.010803401368797
124.73062210824982	27.04762989960832
66.78103398204743	21.353987565358782
89.17926253622609	21.33518149910556
76.48839653141236	25.98053330586123
99.10844912558738	21.38473475625212
77.62967864742711	29.442871281934167
103.62648447609646	24.633229628653954
82.56550500427934	29.466899491243183
82.10890009275666	21.437888809082835
66.03105165535787	26.948354455223694
113.85281791243042	27.96159839103741
102.31639941894763	27.982926025236612
92.15580573767302	29.756312898001525
90.3950113033318	20.112804451208007
110.50910178735367	25.60334989307923
121.36973230326873	24.62756968840465
65.93165990131567	28.78281412293559
64.15998473578108	28.245504272081313
88.90028913474931	21.39431228401861
106.74842117810118	28.55235501801306
57.64905333763884	25.199521303157436
117.95805626923612	24.68552670197172
129.14597627554525	25.64381850681853
103.03225510563149	22.29956982273202
55.258263406907695	23.03518119383546
67.89181696503739	25.69218873128828
93.45026559329716	23.55652882163508
62.77507429987935	23.951293015990192
127.51922517849096	23.817060732522254
67.02039355780902	23.963309759073148
88.89296648843833	20.515253347382615
67.26460949694625	23.471968909366907
55.04944718568233	25.21706909440381
95.6744367464041	25.882696677426615
54.55794733646384	25.44344448883575
103.50431889065456	27.764052400690687
92.64785122858174	20.775912527660925
91.44350638270465	21.373166292680324
110.64637876653582	25.62349262437072
56.36018215623721	25.985546216211933
85.39305140116355	21.14736558954312
70.04096096224899	25.053974393510696
105.70619420299792	26.69001048858154
79.96277033630598	25.93202417928577
95.06715117738145	24.599335266318786
102.05890314651673	25.08972437734608
108.1180495223339	26.164724147049018
97.39605943902203	23.214195772943754
111.77564352654558	27.978349803770797
116.83107609703168	26.720599512295646
63.6597087617371	24.173274343355715
89.06035951215772	26.07803069430834
85.48893465362232	20.755569112201194
126.39988157580777	42.73940306185792
125.93251004111997	36.242473644263676
122.68844253386038	40.98550325498345
103.37132576705832	40.47009815762658
132.3420549555781	41.81363501009258
146.25003448167396	38.203541535392
132.81027600513764	37.56667118547548
102.71201221299093	37.47372799234838
101.94477418569903	42.828776482864285
131.21662748187197	40.56823208184943
135.60067111756433	37.387016798861275
138.9346250369042	36.72611801740643
156.61177889128248	38.62395027375731
148.77177355567528	39.1148044687582
116.7492882147084	40.184695928547704
128.99298428092237	42.5678989829032
118.31456813443627	40.66073679969707
147.16182664159157	43.81350083013662
150.40571986447986	37.907621051850285
131.4702936120245	41.04632290209603
138.23877595054344	43.72117047816319
107.1087308898866	40.24448584797387
114.46527632965626	36.53267491736215
146.92687026391627	41.421106338548945
111.75698129100984	38.856107978751886
131.07628904511478	36.383145761173616
134.18863626746477	43.37361369083696
154.61230002692162	42.986670539746285
114.852961705924	39.10206570038296
144.60968305987544	41.64060592441036
115.1457621983968	43.21934570672308
149.5913085712178	37.314432672260615
112.78934386731265	42.42834426120316
114.51315264346721	42.28991769503147
122.92433529307237	37.3804346322792
139.1358917313261	41.289897904438256
136.87018532203425	35.77777717463239
95.19667981495957	41.25163896661106
124.87942423417934	40.350556657662345
157.81801504084126	37.78700479861044
120.8156023468613	39.31186487817557
141.84703564879277	40.86095485674216
135.98759632322665	39.791074784890625
129.9944846475726	36.229639885294674
127.10796649024873	35.09021794480044
141.68139268895254	40.60026304973643
138.9100965253736	40.34467601313612
105.2577905683786	39.3368263885027
124.21395908474945	36.006687937977
107.58321977906158	37.64518685007253
139.01167246856932	41.69456663610233
108.18531360843403	43.787358247688715
167.38993618617516	41.060908100091936
129.4219508535259	39.88039923391881
145.78419872670938	41.76554284265561
121.83472503593012	36.376775071318754
129.82337219949994	44.4376088924502
120.07382536735497	35.711731239097695
149.67184585448464	36.03944328822033
126.13977114266076	35.62122501140483
117.8177472807588	40.1395993705302
109.88187541957883	37.711166682248376
122.50608792120805	43.50925778717434
129.77897348008455	38.91754983690703
124.15339005348446	37.39966883125027
115.31033445203981	41.6907295280007
119.41360133926028	37.60883933717096
154.32608159587625	41.615228622324295
132.58690576959393	38.02524971545939
146.90049908675695	43.084216043317085
121.84295344881308	41.43563958200177
142.67151489406902	36.89766403017563
145.5865146418409	36.477122555192835
164.71351092584115	39.7889434244227
138.8713673427001	35.62940368733208
165.48964004540915	39.47952510465555
96.49811246800331	40.34816380760498
130.85974757178622	40.38782888393539
128.0938372833086	39.17932100481119
116.65078063415343	41.241406640871006
145.47238843797086	38.36905292546925
121.14281972487629	39.89530944716012
130.2131239327651	41.1818734625336
125.90479518905309	35.30695521496834
113.39527520220324	40.149113897181415
132.5352591255919	40.5400434937885
104.20068616101211	41.41377835097959
162.38089561087443	41.13072857833362
143.53532153687368	38.75812546214706
114.57912239411417	42.283311085503726
121.74013080425975	41.289595554148285
121.82590376612067	40.866506930528516
158.7692090471931	37.89531855663138
113.75359090524324	42.77500120374539
147.1816662308314	40.523098968337074
93.26307697666391	38.432539711328
138.2338963724245	39.711581922524125
109.58802979018061	42.80192993018379
124.60742697045666	40.5155965667479
156.63781287900153	39.062197357612256
120.53025453358131	36.32050534998409
162.40800197053352	42.78853445949863
111.58657885536815	36.62037117955014
133.14314873240377	39.60187367298363
127.3923729157008	35.947641532786335
92.77548899151891	40.29814939970275
132.30660296068896	35.16556845850155
141.50613623581836	42.240653319041634
140.42341174836912	40.437676050946784
135.9272207475355	38.19504150514091
164.45495512630413	41.35742484878514
123.81652278403418	39.94182511047182
117.35932497291323	42.70606043736227
137.01168820214636	42.885933718020254
134.61527567872378	37.605475335917085
127.64253012623952	40.60778208402213
126.28791264022966	43.88498676451188
101.59950072723215	40.51778909180253
130.29075164384457	36.827748843883924
139.4738853684103	42.80941563992354
161.62862351672652	38.579437485678106
138.8780083147513	41.320719720547636
93.81066498483624	41.320355286509134
152.09513211263953	38.90418429200459
134.39006650385394	43.329960014760175
110.58014179281051	37.189068043937745
141.2257941884406	36.42489410008913
129.37553310457028	40.06847383982397
140.83061695861434	42.963356366197175
122.9267324945782	36.497968956152604
104.26455112917337	43.65454072272283
158.1352446985433	39.16484038413088
131.6575343144482	44.593841502061004
147.11551288298074	35.67593658855735
149.6360353430468	36.79517592463665
169.15274668740506	39.250191075563954
95.8537119379211	39.20979287661015
144.89554745706405	38.20768871897516
140.11657295634535	35.62890982009112
116.31529040169217	44.096594387387334
127.74063418582077	44.558431738693855
129.67175997484568	38.325257131130655
136.87582998378275	41.11159619047598
154.58781811467625	43.69704895415085
157.42628557446773	42.58505996427286
132.02292940508897	40.50923666239695
165.14354014176502	38.16761747611248
132.06623436373533	41.784235203567015
138.1907804321968	37.42627313614964
123.14857475793535	38.87436257945733
118.27754557406392	43.67743837098054
138.17132515632576	37.87434242722503
157.28056516079366	37.25967667070772
146.0337991084014	40.219714664945876
92.41933015252333	41.62883800790185
118.16708268074257	41.84759365411546
108.36980403123599	38.8399532379787
149.89673966826	40.48212954224605
154.07118573332738	37.74485460686404
162.1065575881252	42.54073672270235
125.09740538269227	38.473920487264856
134.1794320140206	41.466166010648124
123.67568403548218	38.40348337329133
108.67545537369696	38.114456328895656
128.97558197240608	40.19240989899261
116.43923138234868	41.35413943781189
126.36179606153259	37.85834728989048
112.2508354574098	36.27106110097537
136.4841414622209	39.59729995481458
135.81126586883994	38.69670804426219
154.43668436477103	40.88567088251661
160.35761281142808	39.72244392122936
122.12075094211812	36.97897618792225
130.38883460155768	44.02456797958699
133.43061793503782	41.789380303677866
100.39836744646047	37.66093296754304
106.08465012274539	36.55769296132776
111.82287093244501	42.09066402053829
119.21923137178648	37.054338707050626
105.59080276150848	39.21891201868387
96.77448169217948	37.386309455615034
125.00278859569231	37.1665591661277
140.85950955210134	38.70526563978918
147.90004686163195	39.13104920082744
123.74162093888675	36.2797243106176
136.75313457560156	42.41221015717062
128.67902306838138	41.126714836194104
99.18584308691732	42.60428915761905
113.98900688632271	38.51102832453236
104.41478031774574	42.26290121542324
141.07729352362963	39.43699154527629
113.66024528530748	44.52135060431509
152.36428961709254	37.94165388774226
147.66322457224058	37.608695469941985
111.01307080237122	43.35071005713487
154.04417727781134	37.07168504371063
143.03527119026373	43.15183176853625
134.39448546094647	44.78534256393184
158.3762259927506	37.40115933552338
122.46634155673661	40.14393453667888
133.24391666510337	39.11162687485419
128.6841943600886	41.28987827836792
110.26102988198124	43.377057035357765
155.88432087717538	41.65731001136848
145.75870207642495	35.46217815512292
159.88954760066258	43.2757506722253
134.26229126044433	44.15050751110832
134.72444062454545	35.62763220008395
131.74842232093258	40.618464629451516
129.6175965601511	42.88800313621974
97.60963536894016	37.67745042188893
154.82457611461308	41.293866284888814
158.2389653222267	40.73305891213067
114.0103398569697	40.01056373710429
118.38235393470079	37.32359199945913
148.75521960316186	42.6502957091406
138.2477558217145	40.85714570288521
158.32175438171902	39.60283096893265
115.1781914241494	43.92043020403338
154.22622889835748	43.004774161047564
111.7045994696779	38.90086232838257
133.21921381308306	38.32050686899169
143.70416352034948	39.1918792804078
117.13009433506497	44.72478005671007
107.99024023413506	36.356203981346184
121.12656352357885	40.01471273478901
107.26275485316602	36.38305444957111
111.22946571373038	38.274025332758036
158.19727328891915	40.426726621251184
145.79503057104057	43.05629598761422
128.83352425981607	44.185313250737856
115.30724157635633	43.62223198926936
136.5568626236451	37.771704437469374
120.26904422055313	38.29191418427929
168.12195159662107	38.56262329557961
110.23217904361884	39.69979385012381
156.32180172313633	41.168738924219355
96.86395796625624	38.690496002593605
120.35350766248047	35.247604062486246
115.3760827907539	36.691083721231834
128.21676093083397	41.668648333550564
137.8218146392362	40.4309357904083
148.0617201489208	38.993717941857476
129.24453985297768	43.37676071107668
107.7271249862403	42.27191631834831
155.67733614268585	43.12623607406471
109.05761260575389	36.52619583405698
119.80128249526356	39.65550955466789
127.83483503785773	40.43752115847517
120.68877263819783	39.01317948730446
141.45768745253375	37.537672087459065
106.77248546562332	36.82791623680241
141.21389269064014	40.953363304728995
136.80579561544138	36.70174052494418
111.38156702318393	41.7805616098136
146.59989665608734	42.21747399107871
135.90314062641778	42.18785601008628
161.12136165632933	40.056653574310225
126.6788256294661	38.74766210357812
130.2814836832255	42.25230776793128
121.80804386389308	42.91356647604628
153.94857077389295	43.19469136778376
150.46353350891988	40.18152640937737
141.44481947658736	44.18776787724129
152.29598061778077	43.52168811950444
133.71155194759118	37.152925944889766
109.13649029461165	40.18167205945071
147.02790641845485	37.85380491689631
129.0669101536373	43.72637050078814
156.47236419704564	38.75491002067951
158.9652626200396	42.342269992179354
133.88656154805395	37.90833826766034
145.2967437816987	40.91840879012343
110.5036654601899	38.35014088060131
135.80506799605524	42.80080910341667
134.15029569382298	44.27103762814606
137.8643388908196	40.94366364915433
164.19592813128077	40.674739081186786
147.72064382905194	38.220978334824096
119.75276310620198	37.37319773978962
140.65729138212126	43.50448493284931
98.15618804796017	38.56788506571935
92.10118687075754	38.75091059149115
145.267320497826	35.973358987322584
94.91170898611878	38.5261728506372
152.04354607656535	43.901755987094326
118.08834002845184	37.49476527436187
94.19339522917785	38.80609108656975
110.17326430613143	40.87220730313395
104.70625312620922	42.0342096812172
123.45244513537625	41.918513710873306
104.85495477885509	37.4057465424933
128.22246920194755	39.83855071007405
102.14660853809691	38.84805471352426
125.23888211521029	39.380589523436946
149.86544982374934	43.72396921754903
106.87325084667987	42.42860112721765
108.97400427582777	42.722631623358374
119.66102594445408	40.48747182136623
138.76838001077294	42.832674967908616
145.18110581941554	37.2188726125251
109.20503315747067	35.76031397709251
98.59647746917823	37.76452800288794
95.807996626602	40.74135431132312
161.82869935732893	37.92844674654719
149.40429038483074	43.730381244686335
156.9940902018423	43.62138360189703
115.76042615235879	38.69368432261086
130.88347219565966	41.57562413886447
99.37443371919048	41.82541827954014
131.61879959627208	43.6626031631651
160.14274017086817	42.31215301718148
141.61082245785957	43.16142336369191
146.42314736929833	42.764551877718546
109.54123990721806	37.18519299570018
156.28844825544755	39.98252347683384
141.40515984725684	43.342523602592266
141.90875432316173	40.18667129590907
143.25623517797237	44.3734903445027
134.76124270048032	40.539590836068896
132.94814579320462	39.782869988303965
120.58568217485644	38.84731628439204
125.01433751129449	44.432894684830195
120.17283856134722	41.63157809402516
149.32152812921026	37.968117430498445
97.1940442836846	42.23605393200886
124.15123843431856	42.484891897661925
144.44826425304365	43.653049466169975
104.69184770624709	40.27557310412784
121.34958667447638	41.82510624847898
105.2105713281505	39.986535617622025
137.6959055547249	44.89387497776298
111.30714186541717	41.41731966990837
132.61614210164268	36.502557050050264
136.18532760060396	43.695903489481005
131.19450083187252	37.860672962605555
145.769608445715	40.74063390226533
160.09094797647543	41.200188295686296
129.92251453649166	38.87782436164177
113.42186166503595	37.800118638065726
122.97846118780298	37.660611360148785
142.7334682503327	44.59160318007585
133.1900921212759	41.76898448591435
151.11779260835993	43.565584332537014
126.84562903532019	40.38147342076693
145.7996667438201	38.07319048367971
128.47107113117232	41.98252890994528
130.5336988888991	35.77564718633027
93.12337498558252	38.477931182675206
102.62154742701715	41.78352832649137
137.90881424153096	39.07131037091973
121.95396244615765	42.17214197375573
126.55608880476709	43.11453582093986
157.7841038740067	40.22129536836609
139.8003172473681	37.16861856964251
138.43340735326765	40.662689302484814
95.5524813045391	40.41595742438391
143.27952547563808	36.16876717472366
94.18755488654006	41.32750947958842
149.54954304331906	43.55851845563367
100.84231403189199	36.63344070802406
154.7808659683889	41.429311458488336
131.84899441303233	40.77973007560917
127.93825646338183	41.27775010175911
141.7846467937387	37.1834913124811
97.45833599159657	38.952987277503496
151.5311327094458	38.944927787945716
142.81012187110707	40.2752503093361
144.0360890146632	39.07615042797908
108.25388789770662	37.80286293591378
121.6652166744357	41.69135695270026
143.44968351879277	40.44226350029395
164.91046147880814	40.70750902986065
143.83472354793457	39.90392482833543
126.0375843031761	43.9179642151543
149.48616015258776	36.50140258201725
95.43716173569312	42.00280646497779
136.54300731212382	42.760384181317605
146.42462592106017	38.28642927402197
130.69377497365366	40.181951856585655
143.98307869316952	38.96570358659364
132.1950193739095	38.89733532910041
138.50537928679407	37.92919633433533
132.64278129012277	36.82711598598315
136.18162873187381	38.45589202546333
144.16996653918136	35.733008285290666
155.49167661910928	41.734038302087264
124.4340041205557	44.00599635452863
155.2220653168518	37.46242040502905
115.82131226731052	37.29721459918909
125.65294805660929	42.00884861118307
147.15826158396953	43.81753273258639
153.59569602482858	40.8721387922324
139.40936145545325	42.2633702706389
144.34303138157335	42.58418344512867
157.92001354728995	39.44554844128512
114.14551993449697	39.95614300656983
112.81388081375309	43.44308388103028
159.18582038670283	39.675623362521364
102.49146564730876	37.488345475950666
144.3024317971378	36.00907852149714
117.66152140117958	43.591241109486404
146.4214803415547	40.43007162997303
148.66555211989555	39.94035136205494
127.82839076453969	35.22163640562516
129.5193728740484	35.31910998319103
124.14124331480134	38.767458556866366
136.98216696510727	39.64626408720103
149.65687215112052	37.85899209871723
156.21223965515225	40.79629055826421
112.8767066282818	44.33797262012069
109.69669418897999	41.39344624907576
125.48381154092597	43.37354766385522
129.3462531553967	37.435231631285525
115.54252427478116	38.56151011186703
152.17028086220637	40.39134458334391
131.41321284554977	38.953148061801535
153.10749711441449	37.86198590468893
112.93261539486896	38.19532252047091
130.75229883882037	41.283039936003284
163.93848443553338	38.71765366681174
166.2615001840825	38.6312410806208
106.32263605353816	39.996014603495325
147.65669857744282	39.31497506294996
131.17027792984663	41.30574453390267
141.78824787168872	37.78207364199109
149.47615100501125	37.97875413846882
95.05052815537303	41.633957913175976
138.9625439032277	43.096806570750154
157.8185833019712	41.942406183863426
95.0714443233644	40.2601959374029
118.22092662154684	38.19410700870348
162.32341720841595	40.13961798892029
129.10860824903332	38.31396243319637
102.64939695097532	39.29377605908684
149.88335374390942	38.24268395785511
96.96933185065615	39.572247532461816
136.65571480949717	40.09813562349796
98.4247135203803	39.842411091063134
165.31303381691328	41.30863414797374
109.19206055952752	37.5085925175319
116.25112497201552	41.805528647510016
126.26900698198287	38.29857430075708
141.98039362703614	43.99006427088317
142.7975054011374	43.58817614872982
157.81158839871335	37.2025559792419
118.0330474483995	42.489454717409366
100.83381802852841	38.98957297157022
97.26040358769703	38.98488450400759
155.99164814290742	43.551628940328094
92.38386885651505	40.05932310787167
131.4357514898697	36.58619086362762
107.07566700434771	37.483766655554874
130.1574626059691	42.5956658672899
119.54534468378564	36.26223496532017
125.97503903503684	40.521105889423495
104.42436285579214	38.02494235153206
97.63520755183747	39.33092812756185
133.34424624090775	35.446436794509246
140.23679673474382	38.64484627923639
139.83343489824773	42.80473542177903
112.59625360070177	40.480998498062284
142.68772233040073	36.22416448461944
127.12996343819776	37.072188715997825
135.50612663223617	35.81895222203867
151.34352396639812	36.43396612839131
153.62579942105947	37.65278445812836
128.90249721176113	40.11163353225667
136.55395901593562	37.64988985152405
157.75780986756504	41.81906332170466
95.17210642526976	40.53886732775438
147.4221746627394	40.596856417453495
139.71130689369906	42.335179497012355
161.17529079469512	41.71061618322541
158.4515050641831	41.34158654643379
136.47582073289342	44.72570905374286
145.3464316830462	39.668365919997846
141.2771506779991	36.765266117628414
157.30116876542857	43.00159317649722
115.7102655838986	38.74499513114716
140.26740526680288	37.37752775058269
120.20185232506368	41.18823378858868
99.20315522065373	37.61455969252396
137.14303960791685	43.142203838289234
140.33219285437457	39.39390924098093
131.4708893986119	39.74734174457697
126.97202903360936	43.75575356807348
151.72732103163	43.90364622388023
123.339090186366	40.94576640560125
152.41354892183278	43.00277528148826
104.28342266703257	43.82623334079794
125.2802202363016	44.604067464237936
130.8056773400837	42.301778413114796
132.38840590814306	41.80097558672398
139.97496276990998	37.403744512941195
129.4135864963013	40.713992030880085
111.70740359576743	40.66608144435771
134.41116046221816	36.56595683884456
114.81126575760683	43.71454953907913
141.782866155153	39.47399944674156
