51.54815875194897	50.12076981577839	13.587467885589545
21.78988716042326	51.400571055769284	21.16452444822102
36.37658119254546	26.187130388270376	12.861814387492498
26.48321773492642	16.51949074947779	20.70199232625113
35.11509745813365	31.471512742616778	8.523445558609986
45.076211522588935	13.30991071066202	11.23661188882445
17.062824333832232	24.974519051219186	15.45534339299753
7.137461337389425	25.92958909525001	23.791522141685352
36.652364970686065	1.8365627845891161	40.34462661332863
38.66227154410882	22.938210112154422	25.777941912962817
13.358126285639091	33.49611016576395	16.31225282398755
71.22491641603972	33.52983755777089	23.46139805382181
43.76664739095558	40.579983537114686	16.278891861229862
18.20626801019955	25.16157038262396	2.157003233031915
14.152360168588302	29.871064610297132	40.28405706756742
37.19160472739399	7.831693677669081	52.88301085318674
14.183620049957778	4.44173144539994	17.40316288965475
15.170057837998087	24.088633725876143	30.992301113961744
18.134210155386725	17.78477421900695	7.461947273097243
45.65755774875156	19.985710374293625	14.168410502469172
28.689275853117216	30.645958040871903	25.21438964729589
2.053481096952609	23.001041241798085	18.270222719559893
35.01084277579185	8.988613450608918	34.46875310519427
32.834440111990006	22.018789306977958	25.279406996607655
1.4263442616744122	20.41556405371615	46.974583720130816
9.686821711943818	36.66698553087471	7.902855726325658
19.510636150776097	22.619782501249432	51.6237201271227
25.075987645566173	17.116646911535746	25.66849197398099
29.013012303803308	19.267233427047582	16.00375823480894
31.03584405029551	21.58870471193066	11.532503784932187
12.689213054886618	34.74920912258674	12.291075980202834
5.467427269234916	10.325129611725876	7.4271149662852345
23.16871700933558	27.009228181750792	32.96153680250865
8.324772603555369	47.73812229829822	20.790920856534406
12.42390623415989	38.47311518657036	11.75510823400947
16.75878723125184	4.2058846908314145	6.414041810309387
31.00484346508809	13.339977159074888	14.421806299106912
7.672433496428155	33.44159728602823	5.408831630866148
27.451363115703483	46.34846071822854	15.943114359696981
32.4577942052866	18.734808461065278	10.611931210232017
23.341470739814724	20.066416124264087	30.84222206093967
32.3976041101165	13.277511568714054	6.2890359377602785
14.247963393858964	42.61872391499962	38.67475598086349
19.67616414757905	36.77171568763028	39.82849001714964
22.910304040394017	18.550710387262306	9.884313733400628
12.716828653037968	37.2964130322381	12.33184764994844
27.742387727241248	34.844061887382765	34.2712941942118
8.304891187014954	7.468311779896979	40.95973600415556
23.412814982809103	29.04868004126731	43.90112134089755
23.174585497090163	4.57702758939196	5.107708702698236
23.512344526694164	31.476076756362183	22.74726037224551
13.507769401744552	35.96163846332184	36.7193367885116
11.320436253175501	49.6107010773342	29.85466967909073
39.37398444982164	27.79229145625169	31.774331561916142
42.283968795498836	22.20069632496744	28.61290548487668
16.910011636340354	20.361752718270843	18.879930190041193
16.67537407975699	16.573556802150357	21.032764751600368
37.290307761338866	24.645970131625702	15.941831982590468
16.49361670267679	37.12711568100926	17.20243374632722
3.7914030417354816	38.79869644596705	10.97019062737877
64.816474923149	4.516161047401878	4.985459713171908
7.211681822156336	26.147011029245142	22.043223642172556
19.498098746908177	30.636715038643672	9.484918663585244
4.788217653540261	0.021682583268226807	28.77110734519851
9.191061916091897	18.662749832444092	34.078188037128015
16.579336802049177	2.238321563672848	21.500516868137385
19.457382595767065	19.88173380595579	4.311114447854367
29.964143815710816	21.413789091377552	14.514020489071122
26.97476358882746	35.61746281677526	34.799242974192126
0.6168136653577889	11.801480514356122	14.643029039028622
5.562188307306446	11.602496691317471	6.18425171675689
0.17824686993524352	8.38643362723032	36.209712694906024
10.761070856777925	21.247701751700745	37.69728016245659
45.5393300101496	13.091092045402636	28.032716269625887
23.037345092472847	0.4548922657938661	32.724990513908324
20.685379406718504	16.739882811167213	27.455771513968514
20.115830869720835	4.994160117104032	29.82307686757853
18.469157468734203	31.609523542983148	60.38774580320256
20.68075614607544	16.57513855375033	8.270792376819223
35.827506588458	34.455878625278324	9.12904164198968
8.839424019881534	44.40038159327831	28.293901397570185
27.176327686263427	21.58591237721684	19.000285008974505
16.464765746497886	37.31889829058841	28.450319865301637
16.33058371818468	24.777017420398316	36.28201395700927
4.365882036812678	20.676426172679005	0.06682240515216975
16.50601953101246	19.095883438111443	11.02781281201869
26.529042352134507	12.518224755785122	25.032456695739548
23.661896874232735	32.33204376209541	18.33023822614624
51.10026361842641	52.87952098647693	15.245066217408276
24.99552664042312	22.10786106944764	15.015131238331744
11.811936837505039	34.83423334212975	26.840799275994044
9.31724007172924	21.462875655411906	19.022822209895605
19.89170185502508	10.137667143045501	21.60421809559727
7.585561341024622	18.377104995233985	27.59010664678563
35.0190443228949	1.5031242524258879	2.4193157432566608
4.776985192054941	24.69232577528539	35.21999133751987
11.108271976292407	19.70234979335004	36.28013943898207
30.491896439776582	38.91089955009924	40.28087756815412
36.245612241112156	32.21780738422378	6.406559392726464
21.21936287105709	7.110477445087843	17.667797939532967
24.299262579176887	23.75534058399458	38.02605197731386
13.353898202509662	15.858631524846007	14.357813696288554
5.6153347972591074	7.4070421665124755	12.313276946556638
42.8384041522188	11.49206696792777	9.632088129926975
13.178374705096438	32.373354409936965	41.25227192108677
7.770679517255912	37.913206860275636	20.372436266924968
55.027726050351916	12.538213060814329	14.647306751052062
32.255532888798754	5.346451530958973	21.541761561804286
36.69626626473024	23.725916054309256	15.149814642821816
0.04379440549584146	26.021007841568963	15.314325580066253
19.219603866288374	44.47004706814093	27.14284969106494
18.789935809337138	12.174052098459534	30.055098355204475
32.00436970501744	34.65890393561849	20.9038675636862
38.62509005862384	4.696922183812923	23.76527629438138
43.10310531795764	39.42528669966714	27.961425970982887
21.165914426992543	9.724211399693777	24.649843153102672
6.394956815621189	10.438974608420153	27.343974240708242
27.10771763599925	7.09298095178567	30.033320826983413
21.774443881187523	1.4724483647409166	29.081032054113926
26.576831522135272	23.288838633477887	32.214757491616325
7.4665086649122845	2.479070485087835	18.07087582277967
8.667924579190606	9.09826695114592	14.088357075836381
10.989392032031054	5.79363491161903	13.824749088453288
53.0085926238355	6.991155537585371	42.3208871422879
6.540908917278498	34.03689827640307	60.03664934871752
28.7920645939955	8.051228910757885	5.188633487849975
29.912025125403453	41.873523678615754	11.021528042132742
17.545329023519535	31.75016565303165	32.03545550491403
11.795157103416702	24.185969553438255	13.091766166399719
13.30873805457406	37.4842789357143	35.463429668141245
24.23478129123297	31.547051304497668	16.048944029990487
1.6550846672093265	17.88437723032665	12.633191044602846
40.218648184649325	35.18749381606352	15.675112847513661
26.17150333975224	25.717702593530554	34.710211939329916
24.78141863768123	18.09088432010383	12.748497468067276
2.413963387785298	14.444587052506261	15.720970423498894
34.0896281342692	25.586774013280607	14.131429703942219
23.03189466766027	6.972362879665049	6.522128298031948
1.2374158619204607	26.00086612473799	19.70173639887296
18.74981238320518	30.906085071837822	56.94376849519911
6.102031081554628	37.0439250451421	8.832542966504766
6.056275326462176	48.47576165785878	2.6135998953287753
8.578288445305978	22.546224152654023	40.209151759106476
13.492466943331431	0.4475792211098586	39.26101196344959
41.39159424115131	61.77841778757111	20.52538047361732
1.4168105701338725	11.27286979028438	26.116253919854447
22.395344074871083	21.26951077111804	16.13416763463791
6.131147340017682	10.02249048852755	13.837981966956566
50.96732778419188	20.686408419419458	19.873747003218707
37.42605447036505	45.5698650272808	41.31101023891026
20.924334862545614	38.03931536650079	6.017057334185056
11.992851373912705	4.973984530681534	16.88666353328024
9.361765142189283	25.62488059860511	30.424712497652955
17.860431270995523	22.904661114766043	7.167650656147153
14.87385450773434	21.46116565202185	9.092172229092894
22.984353861607485	5.529269800946031	30.663424291143397
23.0851223021016	10.452508251291865	45.54936911255326
25.386888075961117	43.61864795778313	33.67034943455813
10.856956289239674	39.16149782887377	25.934578421074875
17.12634221781969	13.985950907089478	33.26262531776435
8.05956140846427	18.48902912453063	44.63042467303812
21.48205767234006	9.28178445140959	20.955989855592257
9.735135081274294	37.06660753482849	7.893440254294026
17.8032395333729	7.854873803521274	10.47253938391076
6.070831727512466	14.633565808262233	21.198029481346907
3.4681556927996198	26.09071877006008	27.92991813933509
27.24792897342082	26.159476785981845	9.117208150813308
7.336533739592632	18.313435625286967	30.81629797476191
7.389236721173075	4.455811718049516	32.340732043403904
8.421166695599688	30.376495248156758	33.589784796414
28.051475909775792	21.31286273262652	14.674545512823828
24.69323466878234	7.392392569936353	2.785331668690482
28.30200013008134	14.192307655950039	16.363815295188086
38.759236531833224	15.715200007247677	13.1955172974224
24.29217314498419	11.939311403736134	10.216989079805767
23.54683141921595	22.02827165039446	26.739515778724254
17.501332835775568	12.463064930207462	13.533148732219892
26.286754498173007	15.112657722539652	32.27647596204366
49.005103162416034	18.17901638596269	19.00143569387311
2.446401935134805	27.835334481310007	30.417602207873912
17.824331470707932	33.225460479255844	22.07451086824252
23.46555488586065	5.754908603612899	7.367218645316818
31.285765334976155	15.333100565503562	7.351985908324895
24.290758256568445	27.820724946885758	12.814516633589294
32.842704817253505	28.693037741068494	17.63869020980354
12.398727162643745	13.935265756879364	18.292546683212628
26.446777684879144	19.2192249373674	7.099029954684029
22.596592072721563	16.73640443776502	20.537757107988458
0.3141220127230824	39.20927869352228	12.200499977918914
5.8861634660140485	48.387532465411695	17.71233224396729
10.63322885852544	35.7895054996037	31.136867679933296
12.625607918018503	24.63597913299062	12.712993764960906
3.8332878604645018	29.033035336002655	24.078504286805618
25.702599901038184	12.014253543873753	20.707291881872543
14.977516077464038	12.524512036229805	3.433775343932151
39.30666830792998	28.461252792288604	12.389487404848083
23.873360771595294	17.844908218051803	25.268499964356476
25.504426079845338	22.39891801644641	33.498386606037585
14.852451719516246	36.65282071193331	50.1755497832039
10.73478256060015	18.374420696676996	21.486417969441554
26.70152311147219	26.685956913791713	21.472647795448683
36.95320419312403	19.625513911662686	15.504109141788428
14.771685406003257	42.72996613075572	39.14661529187135
32.086952661025634	25.67325124371255	26.833790307059203
14.044074978672775	15.137546129983223	17.429800100313457
10.85688182933852	2.4825483770743517	14.78308608819506
49.93330034950564	27.839256249862494	1.2390293118280304
29.751616680303478	0.9384244472680159	36.19022848671723
9.049350421158579	17.88414986228503	7.288319003281218
4.914137268405005	10.64718821562821	7.341766518113891
6.65134507161364	4.080700812013308	24.64554085509028
3.4187500948430944	38.17121778551498	34.64852805073933
41.230335638970125	3.377912040204272	34.52233419932457
27.341288560786897	2.4954284774881295	16.367054771349416
3.3884293287888703	21.18680536873399	23.355317598789508
24.592324490430986	23.728598050003242	20.70900624363097
17.684286729899206	30.72870678301664	16.759517694295056
55.74500318797351	23.769224770450684	9.13404425178319
28.887739648658265	6.279181004971921	4.301328945152708
33.94182214091208	7.746610891731317	32.29174424262427
18.748534423198997	11.26447005848442	19.138076291642705
34.669600306440415	25.90331275692511	12.50921241570693
21.426463959612775	27.093389991091613	17.863165966953495
43.656982649835484	24.88439716872943	22.03330982693618
4.409054083726643	10.809325405195244	14.629604014056767
17.89770391570971	41.062552767816996	22.114068030135513
12.975595377194871	21.92735263063267	17.43151315376548
31.784803776073524	7.803441392601279	15.575472528287744
30.66841202998495	14.289660136380988	10.115651492984284
23.271754727373587	14.416379371480595	17.74553097840987
26.49506883820943	17.454288353532053	12.156777810705023
21.64623896154069	1.4081593642677888	16.55499676626175
33.2448125482752	19.855879091206006	14.457944974857497
13.574351886139095	24.094205870169777	20.702266487090004
22.16508509067654	19.41466345433859	11.811502013309797
13.623476787465723	35.97877208529151	22.00025896065543
33.66739965898896	23.18322528482051	39.0917981807839
32.29775873132743	5.8574912731224895	22.435614045393592
43.782176885712126	21.848075019396145	49.2294591329581
2.1692514933082876	7.5622420763973395	13.30547191077778
31.018544660346898	14.671605022565284	8.46784242555595
39.43379035874332	37.55884089818859	50.73955679653219
17.54020150965371	45.22699630300595	14.388791796077252
23.31749489235734	4.5425513109779345	7.584313039244357
22.751458784111	22.46025332923666	30.625267157976538
2.150048832184684	13.24487087834848	54.826795112597026
22.00260816946755	5.389726492606544	25.460313387511704
24.35802362285611	21.546609575810244	10.191980464312808
38.03601023490114	17.068269697872537	27.278896655019157
26.574457184475712	0.9478097259929577	6.519865559037374
8.674102716813099	20.54870026603488	10.81887591151929
7.7061320723477404	31.626948720635987	52.8498019098603
12.394131200825356	43.76024765192566	1.489141196719629
37.907403787117794	5.64355619352164	63.8544445880962
17.911938862905526	22.00119082881437	39.816717349054954
7.686663675720721	34.68486385733256	36.55954136406233
19.05597058829626	39.12285178016502	6.253811441093665
14.799839948110517	23.777724148607053	19.772660245306987
26.36992540920629	6.777756894777935	17.753457447867437
14.844201727243325	27.803587943523656	44.34853245709509
11.022701771529954	7.781083477924321	7.518949504959783
21.67519700626189	25.592491184159933	10.277411983654737
17.23696478693834	28.060460294263464	9.922180690049819
32.19341939221352	14.006911541088757	31.389567003717232
10.013521060000324	2.902934842129696	39.31526175907458
23.728725965256853	19.51535592461308	22.386468776463808
33.77184608178726	20.307989393815113	42.934641048647705
0.7104939458293131	21.52630568971663	28.350561338752648
33.553842850563356	10.538991222177536	38.39230480366574
16.41398427392632	32.291868755418136	16.016773321186548
37.755782076182996	13.610647684417746	36.04020717077334
21.129995418434007	3.1839182974338307	13.033564189580503
0.40824673144252444	18.591682569420655	19.33261753923686
9.07974099172026	56.17593562726677	11.914795149569263
15.2541815631822	21.251893238574876	4.983750866516729
8.94133901893587	23.770958951215974	15.302516713934915
4.676941770203914	0.0011549773479941905	28.641071305311783
18.87834447181259	2.8886224153205724	18.881151721529548
14.090395388901737	4.1395432800271195	11.26587422752704
28.488009671548873	47.833602662680036	13.755061330913481
20.170543705345576	32.56926487429345	14.591871317762225
51.09329505068692	50.260556060266694	24.23075555205053
6.729812248775536	23.872023005924824	24.923835210300044
3.517153392883028	12.378881277496097	22.85576589729961
13.312538112303367	38.635520087957325	13.272277950905247
31.212629295214217	17.33937017273051	31.973027029947765
3.8003486132557747	1.4854255828234706	51.485454721551235
15.9689133502542	2.446592840557102	29.58211665172762
24.968271009978263	24.781329797518804	21.25640434602679
6.3976984000307375	25.133677624769433	22.516470241932673
15.68435946443108	22.83765098747084	30.904371838952073
47.180654325681054	12.844986934365135	16.935179894482378
24.44416383778417	38.59871889215718	45.38354998758892
31.856926229402365	45.07998064804417	16.5373752084977
13.764169516484024	30.37999039375921	21.369869473877795
32.75812701182035	21.340605217050463	18.860733520136126
15.003209017037573	15.787121044042308	22.03599681467274
2.569368705457226	26.18166484267386	20.350392418535463
38.77689445919012	17.543884175434332	29.72741717738524
19.527471852297793	11.769713827711442	10.728228922736308
26.793529032552915	23.077217827330603	18.15030970160433
11.884947988222315	44.328201682036664	4.883199744355554
17.430005840685773	15.228545796076446	2.1038642425090615
18.20818519058064	36.18759699862825	10.533319022714299
10.19450677869169	23.451962239862546	27.54191459146648
28.50651763189842	11.143124954614464	2.768869078483956
8.158671584950735	12.710930459681327	26.400995066402604
38.74615049111024	35.84875444696445	14.795844869753125
22.829600317247298	13.465690318538527	34.224614792708145
13.628880643999604	30.42544600873323	33.396172434355954
24.642526810470784	0.27103136300444675	38.480965530020946
32.27757609924196	11.414971883720819	35.787133610256745
28.374109183742483	31.69005931810002	17.984216197160816
12.878899007663165	14.835278861465948	0.9205492557704815
26.351452822897578	53.87310985011211	18.495007414105515
43.86666482481522	20.126390198946524	24.266154983583842
12.487619356338993	25.79533772491937	27.935881798044228
16.49057172553914	39.88189120109908	15.412007852438691
19.849771262786735	9.043728969715476	39.710099140776734
29.583510867423144	7.208868407623003	14.383335074441515
17.813539812723555	29.822151539859178	24.244214921732382
25.018275887959692	25.791622363747813	2.932318802875706
20.592177672748846	27.941142367270842	16.60154365388746
17.337716093759923	30.544878712343042	10.724933281162082
17.09855516375194	35.40250449146362	55.849584448071205
59.779655982805195	19.831375332305164	31.368696803623124
20.53331205910444	54.81062054701344	38.825665004234196
44.2332034395086	22.195795612445913	13.822166637468296
22.81303552370195	24.23189748059767	9.812225560477243
17.977190673144204	22.504853630825092	25.09787371168884
34.190741798949006	21.93525076037363	24.18829795881841
43.44838428903935	34.49048274621121	28.42950164651676
44.47976797320558	24.27302280290081	15.121046486880774
20.891904802290263	28.088939638331105	2.8249365019516937
27.633601051187078	8.554527636247048	43.625433051911216
22.26967481422422	55.690275888321544	22.922658890166893
39.85082455534116	3.7775847773635576	22.322490553060092
43.621773386062046	17.173329597768383	26.241279892652077
21.98974224602957	9.108500584446038	6.192261516695984
9.224716833774073	11.206938547217751	2.030552369249776
4.498277388167121	21.590870789707285	22.358222426007817
38.01608404020038	41.090608804041736	27.215268934677724
25.03049762613896	25.779657203603207	3.7568075349290027
53.931161961231886	30.44042928268142	10.27696284368756
31.36908206258844	29.45413431644525	1.4320998559697315
29.905643688651843	25.20317789279953	37.70354541169314
10.272945329772199	27.358794944575397	31.972513322490325
11.040627211050621	15.335379300352926	28.981814157220064
35.95653507540324	37.725725465031694	10.62471074889562
12.474015867015016	15.319321805477449	30.68414315229648
28.625541131505408	3.487018731322646	0.18851777962542826
17.638648437046815	38.86733441560008	0.6006219124322776
4.752979866064406	32.91037669601428	31.76782149420778
18.81554776610728	24.20980656905152	37.22781860654662
15.58583075896765	0.5682899057935948	36.153529990855425
19.885470074134474	13.303391480360279	41.514328760724645
14.533762149805252	22.794252803035235	36.90671915146365
48.312848504191166	18.49173651908748	31.74655205391999
32.38062585617934	28.350410101590747	32.10126666947474
33.32010544788797	4.223916828959268	4.686364405268474
34.8952187559764	3.576016983036048	32.595711044629056
9.305797245590615	16.747792468437154	33.168606077005975
16.859186851682058	25.079641303027376	36.001053280391595
10.459330357925824	18.16948956922618	35.18770359037016
25.65313523195184	34.344844383462956	21.78797846799284
30.931858543264696	21.14400916652719	26.393948565547667
4.216441844905086	53.00231429441817	38.06544018663514
14.18970245676925	21.149807253236688	19.58927738891032
28.920953680986766	4.394014170141087	16.332812506168516
31.21007709844278	43.05698229843611	0.8276467371955611
29.5165286136968	41.44094542232874	19.371354351674356
15.782787408921962	30.41025224882988	23.291537741678717
48.156045755556576	4.3497329636451525	11.46450631548495
16.461737082917413	43.62225197988206	6.501380219065869
31.40166331838194	62.450637156711	17.47404244485879
12.6672228463573	22.97830100053411	21.83503764553748
8.862726957031438	34.265485663195804	11.547085408232512
21.970292076002597	19.844464122110697	2.1790915579676167
48.88967760801705	37.79976169517241	40.00060419859241
20.995416588708103	44.06606360849932	19.84343290003154
13.181222910765186	18.905960945641883	30.533871463311968
17.325921661353114	19.8122048291534	6.826082145435947
14.296511461594797	16.214546892443437	23.733669466404262
31.892287625039216	16.899505793679598	24.40441403809095
31.637263862573867	45.7921568515938	20.94281349374253
19.167795312686568	13.269191192119052	23.98132947318855
7.590266903286983	7.196426836890918	26.766548528176834
25.12586414833042	12.73813486197859	15.48237285439277
0.32383663102712745	6.589675391475428	1.4975446544798316
16.97949966618704	20.539442299031602	4.350018659317712
15.200119397686258	14.734522495896954	18.40950445258148
21.602055995436075	7.271610023939051	6.441179886314099
32.94439730565174	27.958135735879218	35.17324868565164
10.733476997481123	34.09263767860982	8.436292221588504
38.47377788164637	16.36568371271679	4.042235782729367
48.57565184596686	17.690110311526087	17.38621519216373
23.420960919412586	20.720532093919086	12.323555507138053
5.429893101600083	29.920696280875415	5.647446412537207
31.024164210418718	4.389308669022279	42.32379008069111
3.326444997805467	29.356264409441632	0.7121509624134319
28.073772442673153	26.27248140982922	11.955615289515508
19.808000738485664	25.31978193344887	25.39368455403565
23.054752387359265	28.043786516642697	28.921103385827532
9.972542875396817	17.005023816433155	73.76739909692144
26.69625366144107	16.224486823598475	41.54761086858527
30.069302997714203	42.33021995945332	37.33081019717818
30.644905617977138	3.6494939671331146	23.86798877845637
15.512088854044194	54.37322866611243	29.872458149290157
38.66836953286918	32.56122815285269	7.216637157488515
19.965550610162587	49.029562379505236	11.044746791982668
48.065098745831094	53.00426961820954	17.476619238352846
33.383001306133615	22.503033850429865	34.3181413875415
13.03888080188646	9.999823112462893	11.491541636180237
17.829638166222583	5.452808328796561	29.407981770207
21.96550821167687	37.31740155909155	17.619907675822365
3.752517333281986	20.185429655044285	47.839683315039736
12.48382082995559	3.944601942377524	6.711699513571025
14.903953524140219	24.150981902879643	32.02362480255432
36.603213126163034	22.52101191766612	26.0738707519979
25.098769025581	16.863158621362935	32.66085452327846
28.478273635665662	29.9836663458968	2.7664058618962883
17.11275607791433	8.808698495532488	18.593665341898344
25.097193624861777	19.996757979123174	2.5647573069077545
16.767415244630612	28.821848189241265	24.882588238132712
48.75410249158496	11.530017454619841	7.645731311226218
22.866832232322352	29.127661505563132	25.316972984431608
12.761125717605887	19.62712067198687	7.855691041268967
6.908509446163347	51.70832132791183	20.28585879973499
15.247586471894707	48.76498251187448	3.1901770963708422
45.88014015136848	35.8768431139809	20.355122969752987
29.43752756995524	21.255853115145715	34.186798038813336
30.840864110496508	20.27423686020556	29.199908965326728
35.33549678882481	60.074901997423794	17.68345064921757
14.278063147423353	42.393994324298056	17.315802567771865
21.56711988654599	35.42257005453667	10.705784794451263
36.86171944685447	37.895567960362214	37.197667663372684
9.170673593217172	0.22954608607923177	13.848328751562034
20.956769458912746	4.834939078917646	14.21496683117255
36.63317115644928	10.407014743849583	8.497319715759607
44.71756968607305	22.89115254740284	38.06746936142508
36.42004298445755	4.948183343506935	20.43112220450154
27.14959952609435	31.475275974037594	20.15953610392342
4.253809463061229	17.02791403468464	9.506301146007775
22.64170422052097	38.34396483490327	50.77959117216756
25.621454968738988	6.365870494675393	36.29177306303504
23.860452834934573	19.751759894045605	11.847631913187927
15.16326528217707	26.919037553887613	23.368223791501457
8.590774684306634	10.154127159514177	22.341308526270886
22.190664439124088	36.767686053749195	3.1505200393064605
27.19436657913477	21.23305221470667	25.853227449165267
1.1597448144104021	25.455391583538436	14.540411315230005
15.416973629993421	14.6660086500354	21.85852994171192
37.876459186263695	45.20473841888352	22.341447881020787
10.597906072495451	20.708272183550324	13.352146740122208
23.318629051774444	37.45431254012223	56.57901540933148
1.3113666593172688	33.9470246876694	7.007859732792628
29.27161016461017	20.420274063144547	29.59495968428049
43.12678187001638	25.393311111643875	6.992883711849979
20.059867096215584	7.392084639568958	5.970921158136836
19.271694499594066	15.410249379661241	14.599598571701593
28.13399839374081	6.902312486185673	19.97366855641603
57.64180654848195	35.26127349091999	25.71314779210588
16.248316895000457	15.108467961630687	40.03571753219851
14.367485785751281	35.496370690442376	21.320373987191797
24.711987471936276	15.397445784067234	21.57394752991226
0.8728731810978481	5.015175360974151	5.188629060410232
24.18285557711447	41.00967756913629	27.92809337485305
15.790219255642576	5.054323895695454	32.51932601446482
18.374170764229397	30.829997889735353	36.61438810520183
51.30117235883084	30.519991077448402	45.04647899013371
29.189501708688383	45.981339999114866	22.49044498994124
10.960842676175313	31.825912981240204	14.736511597799009
13.804039225390355	28.04178498559842	64.21910531298161
20.452521121653554	18.784878336017663	0.8487537834382515
40.716928555066204	10.580119058637404	26.74196061405832
12.441318581888208	43.10460729714603	29.13801396664732
38.00570274357629	40.40354263469184	1.1298970349084918
28.64668831324709	3.8400013537878195	43.819731296032145
25.456427862312154	13.269665517909456	10.703977114797642
30.685920555924305	31.92954573881667	9.003586643388655
31.661945195338852	53.87338093913212	22.112964686694
9.483743367008646	41.79170992676208	14.058726467112889
8.867301354334403	21.209570358775572	34.576412009838336
3.1298257270701733	9.405794344262011	18.495702668562163
55.997910512450375	16.889185330654517	25.071879405186603
52.46392378080784	5.691375423958773	43.26739522137133
31.653321026064965	54.0307339398666	29.09911558996999
33.28645341785636	19.178928506785216	54.683412480140966
12.242642619080026	16.182952026617585	20.387502900103865
10.399215803127486	13.235714396102194	0.8022475996526097
25.753330026451433	12.587428271067807	29.919188976212872
21.821771741775965	26.69980846183079	34.5627344063612
31.42699657490722	35.46128480244445	13.166095902729374
16.89325062669182	14.068803801406954	6.818389496691703
23.71352364250288	33.89118983259474	37.23566661496211
31.841119056740823	11.751949866425043	44.10461356557616
31.948112837779444	19.895091589469498	9.142760658073788
10.694167637980065	14.133137973518338	3.0063398824488132
4.149701166881506	36.62610698465372	42.05260788325805
49.92277833761322	28.77429844196699	9.959228224028475
73.88245406787186	44.80067619179714	68.89458950718206
86.7015490954302	50.2385572152169	42.941170680884426
79.66904513818719	42.53898052554214	16.963356932918188
77.26788571937732	45.056825969083036	71.68913728524534
76.52139939283103	28.572196729629887	22.637631365192906
89.11542940371494	32.14179734301267	40.839630018718076
80.57588655264864	52.26309302181376	36.7884678201757
90.03959102892148	32.414845400736894	16.61805903189518
75.27943466326066	37.19878423377122	68.4104955602321
80.67970695590064	27.205193332872142	50.42290996061172
80.80715158991143	65.3172715319758	69.0946579851751
85.47430091152945	31.97283949128194	59.54834409607546
81.97366201312487	39.902904048644245	40.54354828131154
89.30162992585021	37.20752564017883	65.63476716748836
84.97168770879692	47.01357861350122	48.08033438890266
90.86745521555197	36.92648062076651	55.814643152490625
69.2359722669581	40.64969031485505	52.65132076699014
84.63641304198678	40.32569021541565	20.501332185109813
81.81416748038174	48.6655249603246	54.63715639346838
73.27011490505308	42.22425734911858	50.69198746474568
75.448687679622	26.084165496296833	51.24901319149693
83.27026361820819	37.1802686592812	64.21798278406749
86.19940709834603	33.62836420029392	26.2449462575778
81.71039218044419	35.246333413185845	49.20626730474147
78.55498756529508	38.440842723865934	48.26707998215356
86.84895374390489	37.12632019794624	31.953106680139975
83.16869711044862	24.90604689712614	16.600657476924322
68.72049479637673	50.549614838890506	40.72938171086515
78.14272335231236	38.41380778492803	32.72892310875011
80.23949501820418	38.91598779369306	38.87442961317425
78.41710040436143	38.35172032157088	37.07824524300639
82.15534579582605	15.552480633312907	54.7667852927578
86.01071324319332	32.09761232929998	65.42491326757678
80.65231971700511	42.731316217785825	27.76973621111791
87.00395849710972	38.72175973919509	28.374638132713578
85.95500178101516	53.500606977824155	18.18912741754965
85.73754895975175	32.93996029303986	28.41192511832881
80.9635726012591	57.66945202500685	11.578962263873436
76.97909510573575	32.56928419396885	28.766020695490003
78.72689259995289	35.1305905266338	31.502479417734023
78.44919346376645	36.062148849529834	27.065641847377265
86.5236197144199	45.51311963012356	18.06820135570345
82.88513206491359	32.49681453797182	26.231848292074748
78.35456024744568	36.57904166906891	45.55565470944446
72.2002363400718	21.1797562639323	26.87748460473122
80.22123640184508	40.92157766843977	40.04339181673232
86.8742756775636	25.870089757861372	35.40412554721449
91.80462521214511	43.75976956034756	25.89934573085258
77.15347741448609	26.51495334710883	19.723742607431987
89.96805458902773	36.14559776020816	33.55881678570331
80.68312863149826	15.754189310182237	62.774871206242175
86.57866838708426	21.1791878395685	47.74245509819567
87.50315160766677	36.44553519428993	35.56001879726045
76.6208268925071	50.09089592920052	55.073566966724414
77.23734683265646	49.997091830587564	38.05654538865316
84.80417422625547	46.65494018604871	37.07746816531301
72.52489190574929	36.65368321839654	49.331496122874405
91.02066363901926	57.28523070812234	60.81014161813292
78.0432364650653	41.05287001351467	54.56751217134165
84.04242238958336	57.90596470469548	19.366117161598552
81.00265912456209	42.248826204508454	18.559480899137196
75.73372740665532	40.287009022373525	60.541051128220985
78.06083445509451	42.61788286666018	30.59359267148443
77.63656608006713	37.5338327397217	25.387369257691873
81.73943436703476	45.43930504803544	36.86376667189067
83.94804586242628	63.27122037508524	47.073392360386045
72.31593128475185	28.685228588031638	34.02925096798197
80.27707434709801	37.47023386156127	58.097506305843
72.20901104342147	41.10935096296179	43.260411145698114
83.31847851041923	57.459135198053474	39.24851702535066
68.27902782460197	34.5028016154357	32.88129464466701
74.73003327999263	49.511395575481764	48.91872389044114
80.26303682759544	54.310862031636944	43.10145059127388
79.28731158769281	27.719260075746956	35.48887863550736
75.90424236966149	19.771692075036814	23.17262571478554
78.26983065619339	41.49820723103732	32.296680587460905
79.5110160349737	37.82975611377787	4.4228426440067
74.59537890320125	24.350014606011733	31.76424556965088
84.64058911394983	60.92530720356817	65.52147812519658
70.4648710783477	32.488996006234395	56.16928344846535
87.21436810346896	26.646032804261694	59.01480848976543
77.35527690081443	30.034226822851757	34.53518869605442
80.01440440086789	31.99196696725307	49.07066916834815
78.23906480865914	36.12418115451832	42.3677777864828
77.42207130031849	40.55806702644846	37.44938768161194
78.08622099357338	37.133495099581204	37.10398049794292
86.20993574773438	34.90437699377577	31.25689683614172
81.75040408535858	20.1079617745312	40.07902056802132
70.8758730108095	56.03334707014474	9.687341181408339
83.7450035461035	33.28084387348575	56.451789244948074
79.29533951844557	60.213248350884996	60.48336464245075
83.9849354119343	35.63538004653384	30.427018988491746
74.50143341650494	25.417179151905486	37.387482050777784
74.40959778975213	32.59891605561471	56.34574342949159
81.96996462026289	24.029596089418007	46.68026586793594
77.49039063220258	42.096658257168784	36.794722651108046
77.1774130428572	55.919612798946744	47.91906996573186
78.40665892719315	42.438408967940994	39.0497978521219
80.05280855970967	41.18004877114583	17.439921438078763
76.8823360492448	54.092126458394176	55.38018702061175
77.54525834132889	46.24193452824201	35.30494221826568
75.20049776855214	29.523101588491546	32.07747582430717
81.89176212657794	43.2173553338673	58.24306871937539
80.43163839674101	49.34898829753979	39.18645222116085
88.58418694105683	26.01170064575074	49.44332165136397
67.26600156739948	28.510797371222885	35.24823521824224
80.05718309455217	20.448080082309218	59.20024781695749
80.14051868249378	24.40935293488741	70.47636451044784
75.56784638918771	33.515689843906216	39.465112190823874
78.86345972728816	48.05567916080717	19.111597837893186
82.83096616009024	36.2455322453979	36.860914485956854
70.28390322610399	29.787076326577925	65.31275415297424
74.59793529614561	22.020458211243106	38.1491752099804
79.69866779982166	33.59948269227312	52.14275207098847
79.34698752408538	27.77514313842171	47.62936976661103
70.20918734803487	35.54324771312661	44.95130998426284
78.41327244545228	41.81831893287282	40.26131818237168
85.74287134681317	46.69964158930347	48.924343805214264
69.71140827888202	46.5418395511966	38.871861343210334
81.48521013854545	48.386911186783394	29.423027373964775
80.11001945860956	28.383120179687538	42.391616859462765
76.86246778787142	37.83667589964316	21.882934173491055
77.49173860777614	38.98650258004926	23.189525311161862
86.2562793326232	51.2807561190368	38.12844191777779
80.83423002759903	42.76186128683273	42.994352045641186
79.59980004718572	41.22371445981719	29.578289003731825
71.43574697345392	39.52964850006053	48.41782055096273
74.36693866967715	25.255012654102092	60.67268948485258
81.64259638399582	42.75519418069663	25.523023704962448
72.40524754990327	28.281624817140713	7.374798959738683
71.27482946197546	51.124776372083176	26.159827554332725
72.67043653078368	19.10119316657404	41.966651455939115
69.68462609518119	43.50537623812564	48.70385327752169
78.21922646767759	56.138765600643865	75.21411862951187
72.46190148298064	35.345893239502885	26.640222847007216
78.58316153323433	29.778905124620056	44.49417711827877
79.9229385653548	29.74790640247931	47.68363731376705
71.43104267341182	30.567235311540344	24.96870198218884
73.4605584507344	35.01289921550798	17.94822945910899
75.688079930516	22.63211894690625	55.97062961200878
82.54591749034128	62.134431401804314	38.011422712521686
81.3306546742329	45.27220489273105	27.210920438104672
71.44118204075193	53.22285929862961	39.11315876323359
89.12548188113647	46.688530053633926	53.96518609110714
85.05447190959032	33.55159598091964	12.25203020819679
81.87861252736054	43.00346098359538	52.7662876705959
80.59704268667952	51.799552086166145	93.3096026534001
77.99769774796053	34.019488335743894	36.459550014305094
83.030859854517	41.47329711189837	37.958549733639714
82.04586079325833	42.23139606669802	44.051839172051366
69.49895571418686	51.16557950106254	35.15354409663096
82.7176900223885	33.494558432728034	56.457950393370496
80.9266356703635	17.560915550274867	8.90693136918673
86.25997665108405	45.03178754774881	28.68802015308328
82.9474246124038	37.7089800814483	41.89711468905096
81.85465684129186	46.614604463693084	54.62642155495813
82.74894361382488	48.18424329675496	51.36447533046436
79.05447062626168	33.60925022881678	45.417684411417326
80.24068191079678	41.64854588898068	55.17136809321386
89.19718497517668	33.809923047081085	44.807428888697615
80.41825833693439	48.21743727119465	28.735456126196063
83.42029207937877	35.526727181865894	65.60830026384792
72.88958583536696	43.96551871558556	44.393715390011835
85.94219137819779	46.400502772768554	38.14994065349652
76.92670599559936	58.64611008062194	31.137104053484286
77.54363232578766	45.82266496625976	37.3994440808914
78.74626242554025	28.230721136205933	24.935243926121075
90.07354334134287	44.684055515755595	47.26589105819301
90.95072135124231	52.560433651521265	66.35557369417656
79.80869767423542	32.09054827251469	37.345632810033976
74.68629182962087	39.27308415475825	18.9529991363431
73.09985898296202	45.44131665484365	47.34449738658434
86.8809630517277	44.1681462333537	28.296233952449626
78.38680480742218	33.429631901117716	41.487758095321034
82.43616723451534	32.45818837833635	25.24805687121519
83.99293003960177	43.49690791631252	38.02584149018884
76.92509846909195	42.95788652845816	31.436962131186746
75.12381921984144	38.44072888685009	33.32253666576651
82.04707400655803	33.57600508294008	24.335965187878386
72.16366621987888	48.01622223553839	65.47683140108828
83.05959431420524	44.27352504295041	2.5181560582588034
83.04637207644603	38.60669773923228	30.356944461128204
74.69057364471709	40.78329782667163	61.71598655364561
76.49964739807211	43.49989867187452	76.82343533920621
78.21024977216828	54.458123168545335	36.96960808593209
83.99937618241086	37.1981853783796	55.1886900733171
79.55903973470623	37.60304362788843	43.644082301310604
82.95182509529188	28.526814519303457	46.418194601576104
84.255129411777	42.32549771043439	34.977114576595014
80.36327307173968	35.49210951344572	55.428990481604956
89.39804978915521	36.63560483513996	45.83865709259781
77.59302451159292	42.482080763103056	29.999500284032376
85.30680652877994	32.765844933714035	31.61777849777699
77.87341523172886	26.385412997596823	52.3258421582992
79.57205937019889	21.73070095916403	42.663832268177835
83.38815297621655	30.75648072004666	38.762380877009576
79.77860545578913	35.1572000340052	46.529704130132004
84.4317462592359	32.915520689091636	24.315612782571343
77.0490470358913	41.23308716299186	30.267276495365614
74.53098818866533	40.639955582985486	31.175200341612086
78.47320595363306	36.706641249857704	60.99084124128309
74.7681791566945	37.26782764069805	43.742852147241884
81.96687962075814	51.62789863507347	47.10447131388858
73.87363660709451	45.576947954729626	43.01981514824485
77.37440447938602	47.08686304131282	59.23791696165756
78.36891137342776	24.279150748833036	35.81491799428129
75.99887529191571	33.29612073906192	34.70596077933888
78.48192567172472	42.56122760859539	44.363043899380706
69.81549232785564	43.18775234024573	32.79174079740149
81.27494383500795	45.27715969258111	27.87536353222987
81.8205373225656	34.799295282827856	20.323976239603983
86.65891142979403	32.565992224114474	20.43378673950111
76.90747683297309	36.5511178095956	58.46289685532879
80.35568094929539	25.2334040746117	16.778493540923556
77.42210188090797	29.329947702926187	10.937197442279007
84.2099611589896	55.56674422588591	66.24961757986682
88.33519263239933	43.840640900933025	35.88477742594116
72.69971963244083	42.96241807871387	28.22371249395093
72.0752596506241	40.47188462383136	29.30846103910129
72.75828158248106	36.88920162153691	25.837077703181563
78.80666292631888	36.039838905040625	49.780429201305246
73.77661006161509	46.65827540606446	48.51350932576899
78.85396531334088	38.55560633809171	28.505223655092493
86.67873187351248	62.90870849747392	66.6705679463378
80.3362786889544	27.041153775923192	42.569214367259505
82.91803953795869	18.63583850795885	22.83013010531569
84.30878809240593	38.61751180611863	53.88158334532073
80.63568549184255	47.99796706817296	39.62669558253678
77.07041170338627	42.08808044522323	39.762435689386976
88.15519822700183	31.660353999697918	52.86359672896411
79.97825088925185	36.352930794175684	26.737601151328988
83.41537221029354	33.12135114434641	32.09870215958559
74.77292392492085	44.33098100253068	69.23171552402798
79.11877194990424	34.79686783779544	35.29737762162203
77.00131835949045	27.92275016294156	36.667503022492994
79.50353358920307	35.79840631322337	20.146336804532993
82.57371354716297	41.386601261615944	52.199739977509196
87.26712156742661	32.11909820592635	60.974851064344676
77.91899071019688	54.30887967061387	30.770082762065172
79.6225283980379	37.10266847844924	34.83190791571609
80.34722983979418	29.592679056439607	22.25143681207841
81.77448150166451	34.42225193914102	23.403545449175773
81.7629443570394	31.442961596674387	11.610301594807058
85.3687681985038	12.834845160303203	15.921790655921779
76.0576684714295	41.43967721196289	36.252753872920415
91.49715470033017	22.575354106585188	39.10080555626458
83.97757174820852	49.968412554986514	28.91118909289818
79.15408348829706	24.054084638861244	44.75694144454
85.06275779706868	50.960598679123365	18.404827774011107
83.65491323744072	34.011052096420684	28.724410168769694
75.62307476776428	49.66246952422119	27.884155162312908
79.71536251328119	34.11561466576693	47.689738188233235
89.74482016638916	36.91890114896881	15.561347852402115
79.07235233147611	45.62840684550994	18.002243754334227
77.56073549356456	39.84591677689673	30.657808353146564
86.2053398842361	28.363234822333595	48.52014646416062
75.07145270704231	56.964332262060836	43.26820034918546
76.33185928398589	51.59294166809554	77.17398804057648
78.79683786667448	38.753446169551545	28.24429998950294
74.45879922788211	44.71934517847996	26.9914967260259
76.92888127361651	37.90264171058309	49.03831912387288
78.65138696501486	29.551461635283637	28.91818834250423
78.99410008670999	27.489575977616596	29.429329216872695
80.40463791441937	62.55772579645802	56.99634444144532
74.91911236445655	36.127874954743696	19.310419267531284
79.1239368556104	25.108942015956266	64.07608513352926
81.43466050074592	53.620220214678724	39.49546845419492
80.79834023784127	23.025447093621693	49.08301843969052
77.49268647797398	41.956349843919575	18.831439175894964
78.46740056889563	46.65782415967796	50.10142511416474
84.4959132781151	49.71689690253176	25.966344566641965
77.49510536525229	45.55311281838078	43.65506026064442
70.73776496848677	30.170657292455637	49.84558100207666
80.55137532370534	47.911089001208886	55.928431270092815
77.23979120194305	31.867035625863412	46.03286004934848
84.40053301557056	54.3512268927039	41.233511645177465
77.266283650951	29.00588280712172	48.25088501612287
70.94377718518476	34.15301751785051	76.54104171423063
79.54587405984536	66.18544132890526	64.01681865758195
84.45029434167178	45.16122233039888	49.685078346036455
66.6061400258072	59.61744278847112	30.650489720161787
75.39610164448305	34.597198395675726	37.86715511673871
79.27304652294733	32.703118000575344	15.649735397124097
79.36226279504972	41.369317827350535	27.393055680447347
70.45005175490545	46.72393177717578	37.69371082184614
82.20128367788173	48.478463335878985	10.026653046578879
90.04413700956115	52.5504190849217	34.62379824028214
73.49728167478548	24.253600979716502	17.052945827857798
90.32874611719404	59.54987234607917	45.21091880173605
73.06623793671623	44.07051321593463	16.102854791059134
80.4250197312906	37.49144746189853	16.596936432601016
78.39787819993877	40.90840490655859	26.245317663086595
78.49863284571404	31.899859807776416	54.64955666843683
79.99508248078212	23.140289958774975	44.03015262018648
79.07118016496807	53.469638821361166	35.61017157638942
77.24138057418133	26.16561873889848	35.08186997429592
69.96910137143357	32.8232418934728	16.35749978303806
82.11630716135832	46.31925120210265	18.47036868183904
77.69240315715642	41.458357891433195	45.27468117565039
80.37179275157976	34.80476602044405	57.39178255706172
70.11081556409377	46.95264319258683	22.887954764067604
80.57102075216837	39.037125146979655	29.133342891256337
84.55884032620766	59.189856929027954	24.374653235960515
78.05967711069698	45.36444526988376	58.993420860762974
74.74330547291169	40.43462679870024	27.55813883202243
86.70125185733619	49.65910401853228	51.676219679917374
85.21671849800893	52.53858815691117	42.57457290351438
79.03678031137018	45.882366991922936	30.244204031940455
80.32035715870673	53.550096309937274	26.51005599592176
70.38470775646269	36.547863788478715	49.09864158306781
78.3350331519224	34.66684486397605	53.30080982527219
65.98737991502746	38.41927737391459	59.119485746937315
77.75566243124398	42.500361510809405	40.19247400816584
76.96107793407222	30.031608696181685	39.78287380766587
80.75962060663333	46.33458520063686	41.955367298022175
85.20473437909392	29.642902851733158	73.91336767169824
90.13019964778184	42.11809773934113	60.9745401119839
78.41456844941189	37.912364991966676	45.48696572580235
78.1357323751291	35.49778171951171	60.354752285822094
82.36701656545868	37.01280375305195	63.37923716675343
83.47311891876592	31.360107847097765	37.4132355119351
76.23370698187196	47.568809706148805	37.13498946436915
81.18565773731902	37.59645345854877	48.68624678437994
77.93989690349528	40.4250387659557	23.689234004362085
75.66131412565976	39.0782088236422	21.12583331530824
83.0461585934507	45.29269269684661	12.122650047648545
79.41803393812116	34.009770914285184	42.40399917381522
79.27646697615326	48.482123214570876	34.982655738078655
80.72977483583233	39.61323643107204	28.738774783100006
92.58596326547195	40.66713963028675	53.707212065546805
83.56493465681555	23.801594149958504	19.785354265747692
88.5049299565401	43.137247068726246	16.85673477662948
73.93476169344329	28.20386625541886	53.25400765398733
83.69442307306596	38.063321862323725	40.99794088113306
77.5299733942941	46.568524215784294	42.97977490056293
78.36735533933276	32.7692319758241	36.13352039947725
81.65470904557964	32.116724133486585	53.241759261970984
77.38011941649764	25.885168067088085	28.641996000484454
87.32398488573197	52.36819048236517	16.197455748665874
84.58853891818238	56.529805544008056	45.4216252861618
93.6357234484395	24.00735190048775	34.817475218112065
70.99711284868066	32.96436147706094	31.2910728772663
78.0418994803294	42.92287886512513	47.174978990150564
77.07176833202917	29.933434091899404	37.15187225740377
73.63513670658287	33.32160181566245	26.379495232214843
89.98062096422383	16.719022347373254	38.75721269544151
80.09164111339146	48.433868561509875	63.98213808937458
76.35354891132916	45.32616203293599	57.292227944603766
85.14563241782834	35.23210637247612	27.278120101589728
71.46063527072427	35.272553740713676	67.53121600918604
70.91256020791528	34.533597149199274	36.40116889738335
84.90273920873022	47.556903773815364	38.992662345395594
79.75202049595723	36.88050988604468	19.7313385492736
66.64168044682607	28.411573149331435	56.58179630414768
82.89158841537154	44.951444381466345	59.113230014110286
75.19132111222456	33.35072380064741	24.33458401308698
75.78903405941335	44.61230752693131	47.52737540409369
88.95520654304327	41.71897532313553	25.505608041224924
91.04812811098286	36.65685328255	40.17585731817652
74.09540945865224	49.98265293537857	38.04074018029031
74.76621949569785	48.12982918131398	39.96648181315747
79.74562237839655	44.11001755056012	25.84135959568766
88.22936392118903	58.21391211125827	38.49864076857341
73.3062452747283	36.76455772895761	15.480015416628891
83.94680723397578	43.53828578768908	40.8439331613437
70.68870703348463	43.555757172945704	45.490565536894906
73.52510305936002	40.03259825336044	38.375023355749555
79.35517237769282	36.6565433011619	28.473583232970157
77.29861639015297	29.59440325543805	46.66749057836735
76.17088850822518	25.23072864826807	34.94985908132723
83.32847712281762	52.70412253107315	17.108489071923064
76.5593658408415	36.86787401090307	52.18905586999258
79.47231100671627	48.87767376274217	53.76051582818174
76.61151038385877	13.848506162108315	35.36285744839856
73.98499629933372	39.92135914377805	64.40724172634599
79.79986547234255	39.747972349723135	36.62631664846194
72.98073493788628	43.09547505279627	29.655614537478293
91.07969094812964	43.67301339765618	28.507728639776214
74.85422847016159	34.74424725421509	39.71832829862314
77.4280769571001	36.33371350459212	45.964182730212336
79.20371423935275	55.76179055646854	29.682559213652496
81.16626907617577	25.154481133587268	56.36716470982577
76.0358987139349	27.14131810100882	52.49574133199936
69.4118463580812	41.44726063375689	43.951264551381236
79.44973713190375	51.55750661204951	42.44436489183403
90.5286708667093	36.5379253823662	31.681057785907708
76.25564594534382	51.548820839257466	48.71214833604883
78.91563115937447	28.479894110041872	44.49149346028506
82.95420292356759	21.911906342102455	21.8021144973886
78.63451799219072	37.55526034762801	46.407615194237295
77.02102433289558	25.97709633002907	16.764926378231767
73.19582915129982	41.44843298789288	37.21607971484234
82.25280411618466	47.95129704020799	30.1708390686401
77.93549735186366	35.098876600872714	49.992458927934294
79.22521275636997	42.27293350570804	80.23580544606364
78.64303971002026	27.240108562661728	40.01405530877474
73.91358663614011	45.57478355886997	49.748851208214305
83.94855754883292	34.894120457068766	52.60957252406997
85.24857722605314	38.26240488007774	35.22843702777998
80.51270956334844	38.32681538447222	60.30461923908703
79.153533077369	36.84677314204911	36.47627175989294
76.7121488673434	33.31763982868351	53.59561503460431
75.27123041008898	18.08171980334715	50.06385916935278
73.64842315420199	42.96183000392343	38.515916089016685
82.61583650574173	27.760158921865862	59.83869900166586
87.29810627546149	44.36239373080633	25.499481211895404
84.31155662294813	41.261371034389555	42.2382588754942
69.32505987122379	38.521799855563486	14.948833168555854
83.30865660284927	37.035441307362646	48.59627677716569
84.27319180049777	32.38835943195418	41.79828773493571
80.76282059326824	38.25687565736177	45.2305734195797
81.187828941989	34.92526000987819	39.15204829190074
76.63851964255683	40.32316257558028	56.68707874883526
75.01001919987937	47.9699250275337	62.878479213757565
73.0369864780276	28.564979596452854	50.46899360026591
72.0935773001167	44.82210071421029	44.07930418180579
78.59884029051942	28.82079090081464	62.06681036276324
79.15870616705713	38.36617633585712	8.384039244264365
81.92448740816182	35.8958918068479	53.499165277131596
71.84772259703816	31.209407292313323	40.82672072751883
81.93303122256914	36.50325697293551	25.179377678515486
83.04342409819141	47.31641878448065	64.86266428292822
72.51091197320805	45.009817452693454	64.25276283808309
83.53816203223792	43.305125687140524	25.112492355613178
70.03979232993069	45.615303357760354	42.54028081095419
88.95918423142804	57.76083075009061	32.82323885531899
82.06704825204194	57.73836964578764	36.77008677909013
80.89914412472103	34.553930286122174	56.80293646412264
84.3595102124142	46.76745046076414	21.405659440648744
76.09783922781527	50.55541142184275	70.90900012296643
80.0597796042066	47.187346188087645	27.973899170165858
75.63146747946948	24.17740237634994	56.18792514548781
82.00946857047897	51.93297222919209	49.115213912462295
77.70448891544495	54.09997184198265	9.265039220460352
78.79711268072614	29.572712281269038	31.47141351557664
76.38899309001657	48.998333025197226	63.89931166462533
84.99693046806918	36.161906249255836	17.638912041622888
88.37759603251929	51.36758290118256	53.90551829921648
72.12030565109823	50.936564583104726	52.74567887961937
83.30256404449537	24.214819074041483	64.90424677197963
72.24942821209545	35.946623881735356	73.56576750281786
80.5932767825045	45.997292585883656	50.59625890473469
81.66663720357587	22.757267584432476	29.408041901097107
79.27317133877001	39.7504456367473	39.89538746848075
76.9360560991932	42.7003190146097	13.459702730542979
81.45292051596418	35.24651616035844	36.31514695454448
82.71186252185866	35.042805003532855	30.069623316340923
77.27657324830453	53.09097510773548	36.05036776952006
82.47295754960986	35.09695396937463	16.59690446965762
82.4380993338057	58.34642741941617	46.36869169991759
83.38884593908956	48.278052709460766	65.3037529854974
81.26110526461443	35.23371117508664	30.717781907011798
77.63535591247928	45.01004954534244	31.206312075814576
82.12570689394097	47.05380000356515	38.708971151656876
77.64777087702586	31.860187057345073	68.38315388662215
76.37662934108509	35.37649458614621	31.79480635501753
83.27965945824232	27.36738559710922	40.268911124297865
83.2310238160203	43.71556484398757	37.626653470364985
76.75179148497902	60.06557224151534	61.45686343083027
74.8157478905666	54.202341381893966	31.207222953726138
73.03917216120301	30.232403217777257	44.42093063566169
79.9461546515692	22.027264406166672	29.27571917079296
83.82212152802892	43.223071863702614	42.85576403288979
78.90783807736398	55.57867362716461	54.253229816405856
68.60731876674909	25.756744395266104	58.31250817779009
78.43111783833452	46.34134121488373	7.887925574402658
75.70580259972203	43.20426970849389	55.06775575964777
82.58355506101967	58.21177695430422	55.861950853426045
87.12963286027868	43.4200906969166	63.63800507353427
71.92050661508861	38.580792914183284	48.004622952130326
75.89408992767139	41.945277011810674	79.88202414474529
86.44328548943601	39.29652283200748	56.605256748200254
64.24904015697729	37.47566251558347	35.66088948525419
72.9039438967722	29.26374377235888	35.34134179940472
77.50922316162504	55.781780150428055	39.492148118469096
79.97724260439382	25.470244375484306	35.3066848482971
81.8333878434196	40.231851322852314	38.529986902411906
85.65628180974618	45.64716330952874	47.923533600994276
72.74879919365665	43.42408553376462	33.15679635067437
86.32737830648728	54.68194049720856	21.686771233763416
79.14357253675063	43.21708760361817	47.497103081119505
80.49926796637709	27.864108550975875	31.50763207190461
80.00801395121611	58.89215796078974	55.83409008206543
71.95410384028189	33.13179073072815	42.608399174021855
87.5702477164056	54.17805881367184	54.998864587944354
83.40931065351464	47.432121244296056	54.805120048337244
80.10091805893234	36.153208856960816	45.191162961607105
83.46286281987885	35.01007833640828	49.33419648092125
88.30883827774687	30.78746166937561	50.318401745508815
78.8858164600877	27.475352949163145	20.5151629783387
81.08695040330669	47.644905946151646	34.125801541131786
85.47904329898499	53.176947073261516	42.52430386950659
75.61026669191548	37.14318942025773	39.99047632508237
83.22600957898877	44.203143538211265	58.18675876156363
83.73407864150866	46.90365324216779	56.221141646819405
87.66653330467037	37.60646644588776	23.425436998730778
79.8734679882381	43.40309513066987	1.5156600203150177
84.34558085678658	54.45417957758029	7.757761912835868
81.33712558423987	23.044055904683315	25.956440585726412
81.67315522146369	39.370578047313934	41.526196884186845
46.121549509892795	76.49462222091141	66.73165274807738
42.926129271650396	75.01106510316833	54.912735622704396
55.846217385660154	84.44544820076798	59.053298434015275
55.62101530287893	86.89764686323858	49.84944910667744
37.66759032485857	85.14067202496342	57.997602849319236
23.03502116548784	81.8065574733494	69.35139161570136
48.04939602617361	77.68583030361827	53.13865471745827
53.67056646171427	83.73128001653193	56.78781026554415
8.714102107379652	83.44800523117263	60.42706104079257
51.1958720076049	84.16153589465088	55.88430333786612
41.939326660267305	81.43617251470737	69.94899247700319
31.640814872805944	86.42875721655766	56.63794815132618
62.01446216026967	72.18083190202549	62.87684923023278
49.76529116279589	78.24650283372118	62.88753600022239
29.942347409400476	84.5654594710021	56.20131567170233
34.33183156088219	72.44448199201341	76.09027275585746
34.33266991158584	86.74965902631094	57.82193086691077
50.316803225285554	79.11294590550244	48.96230303824709
27.65238039485364	83.35701936539274	51.78087320720408
50.45840698364128	88.00038591936004	55.32451864781229
54.78206725883344	87.39106379770655	79.36009663352989
29.148450820554984	84.95213494117043	61.16012265369461
28.378059110561956	81.58370677751736	55.53408300564186
63.23027097281053	83.64476384478833	70.7202192923186
36.741938094291584	80.59870792563063	57.82250414718743
29.538864526834825	81.38873809445671	72.84377886935944
45.17110303315423	78.55334409471577	68.40314381722497
50.5765482341056	83.6518769090181	58.2851398709433
43.842487522369595	87.39757764482283	69.7213953403566
51.14992960078003	85.1400787857939	65.2197146971951
48.49671286379428	78.07788551809816	53.694278574924304
27.84433304217071	86.43397558070089	60.82624518814716
53.24915892917651	73.51430244915608	44.310750863180516
21.971782640154068	77.46129531741185	63.42548308615687
20.109939438081007	76.37720837676255	62.491965832063244
49.45181090138703	83.49741388958184	77.78999410530324
56.551628935122125	72.30161514876595	71.22852172348931
19.656441194919875	78.34804179236232	65.89562950870797
59.33250572191865	77.11718179524411	60.01245957550047
42.964076884308135	80.62272073394784	65.62410259720293
37.64311013700795	76.77025847071269	69.60651414181655
66.55509329034616	81.28979489571788	72.41469418553605
30.928571770734486	84.77107312506489	53.66951767373479
61.44510334997365	83.6287182446618	62.89764322496422
34.91001481681042	88.70761824610277	60.02388588006892
43.951822645983064	89.22394579396129	66.52657064064877
54.90702952012346	70.4850493462564	61.00692077756258
19.72013381909796	85.35893940129966	69.95868344414926
34.02630991053	74.83087900650018	59.98296032301631
42.72316188859393	74.72845828587236	68.75818890649609
43.60240778893326	75.17737152150966	74.74628715059028
29.488952107585174	81.26456558100969	62.543767688203864
68.07538796166303	80.95146866415958	49.68084700513236
44.381629817174876	78.2864207493645	73.8852026363633
14.308388930062744	80.80329109863786	69.69009855675655
29.5622737807222	78.72885472842104	54.68380616186331
30.33446185117982	81.73636997953442	52.89013635893354
42.70324980099539	67.46307297159746	61.17297088525511
31.50388549311588	81.3975469482628	49.56886369214825
64.12077958044861	82.25085038163054	65.95484628755804
55.54729145947077	81.90644228953316	47.94360516272485
60.93950640062876	76.92671798420369	48.288180142882645
15.651195460513886	78.29843078270957	65.801795474424
31.307503824711873	76.89059748130812	58.97537425576028
49.965246099376664	83.71444945401814	51.99021186208527
50.36272827310784	76.77896548592894	50.85525703626729
23.255329436462198	80.82017443064728	69.75122503801956
45.7700830318647	83.78093781336561	60.451115453346944
39.20312062959126	81.3917051306053	83.24692079417906
42.95794919160446	81.85546493986952	62.25625393624355
11.10250771909244	74.21973598086034	73.90300027448077
45.56781541323833	76.4005610827962	58.373292971041806
40.809610520452466	86.70146930106587	76.25719427615354
30.766547904251333	79.96572864687396	71.19179736704874
49.61731164100947	76.76978755184263	54.305941065681594
31.809752940805097	80.2469361565728	63.46909071501829
40.826780325900806	81.58876527857147	52.78862459916165
22.72690156694383	81.65391770577314	53.916057516414135
38.232236349592874	82.05713153930797	51.36921880463258
34.95289480441385	71.49743529261612	78.60503930062448
26.47027963689213	85.08538378019718	61.0441146218471
42.55666990550066	85.4611719112899	55.29396389264684
17.644117871742136	83.32536113988596	62.08181352801357
13.514042791180565	73.77771846425416	78.4114880333538
36.336838717568675	80.0144312096473	50.454818605811056
66.64731608553664	80.31771869141122	73.50763311080497
57.043944670583926	76.30126740283889	54.545199732583704
14.241062317131256	76.01444870648324	62.94087034628367
41.12899645307046	81.87497128806213	70.55302677182142
46.2232934366146	67.74652882697251	57.213004175925505
28.50853222241697	84.89920315102162	65.57380862033403
64.64291256802188	79.77900256492285	60.79103177853049
38.844349176444695	81.7218979606075	58.07800694076694
4.7849603092794055	81.2420526282008	50.43530142033894
26.366091069129943	75.61857523830344	56.63438281375742
30.838889254603842	86.23572722161701	61.59674130598446
53.75930633131838	82.6857125787812	49.11917374584849
36.45507140592674	76.82355919907701	59.8342910959146
48.487330629801235	85.57952524220106	41.18807766908496
36.67846249120734	84.09489611068759	54.496801678541814
42.156736278183516	80.03090002228207	56.832644404585245
60.435096698681335	84.26916613980694	56.590280955974514
50.49075251959822	82.83825691899268	56.510832039056965
32.342920554221074	92.74398754819514	66.34484168096783
29.524389908588834	78.30305058076034	69.11122447208247
37.33734696064102	83.42961186671826	64.46136717190446
55.006178741769965	83.82458173519028	46.08258118352415
43.7109216575859	75.45156945883345	65.73065110620132
65.51289343427122	83.09433391809976	69.72600890788523
44.00628774194642	83.00098984102543	60.42376229947168
70.86681357055899	74.27980427556588	61.29950673049061
59.82148811573229	82.08232401483322	57.097093487381095
24.133219093363824	75.20928606285369	41.21083075502328
26.106778303473952	89.26605783136448	65.0165302563267
49.65299128597316	76.48752350531839	66.67913866854713
25.608352024478165	78.32165406870051	53.58077823055862
23.120773351657686	81.72637518080394	60.54390205657747
35.24775739445813	75.93885820806709	59.73299671641146
27.433250062863863	76.24924073348078	54.77104907640028
27.797647123184557	71.83278402735124	60.27658106374987
56.13896872876255	78.35353001807553	60.15286721750058
12.323624922067324	76.86861641665257	47.95033901615073
65.53598442868628	80.85726536221115	79.27183459510476
38.38864597701235	81.13311108194877	67.71764994789318
34.38740929527347	78.98833252858424	53.284285049245526
39.8970157569618	81.10927310120566	56.62262800635321
31.212843907725887	81.4827528948179	75.11179695020176
48.368828183431106	78.42791490179539	76.57898604048289
41.10217609956978	82.91418035809187	61.243300124874125
38.747733191678066	82.77735874337444	75.97047222747398
41.69386656355806	86.17207105662166	63.89692071947846
21.09035577095189	79.20752454484217	61.67138417755343
53.16604847790796	86.1019564128637	62.91246962460475
42.93116572735885	84.82774412365255	66.3633981696367
24.252074359985546	75.68959385718115	79.35340995621075
51.97488909236844	83.34386235917314	71.91688451108843
5.580648531818149	78.23152372684444	64.36426438354992
29.271544782734637	75.26080226819923	60.92612686901362
46.422047294882866	90.09536904813261	51.53922335966334
35.4730152978527	72.66284145586532	62.979638520598364
38.87271689459282	83.88172315089533	73.2011746037435
68.14183712255786	74.55165442841677	42.379507032074315
16.694053421307515	74.7608717244364	70.31918826953338
50.768250694537095	77.2998623801227	65.3483844762362
33.193615852576755	80.11508800131907	60.717672497859226
54.24745304565232	77.3671052351544	70.65945567829098
35.57818833090311	82.3145214659925	58.380593761547324
34.86669155485054	73.96290179109437	55.69370193529456
65.97741270293241	87.86938669156156	62.93940880213046
27.126986983721913	88.15386888363878	61.12697776580792
27.6046816264002	82.79192507868059	60.64969682784145
55.52969427683611	72.628843760776	73.15187948586501
27.999199214552213	76.19482373677042	58.34017164523645
31.49409337214381	77.18574044482938	59.779231376656504
35.59181217949919	75.4683527570732	78.53612189736236
68.5984812984082	90.40873688641005	69.09898145589446
53.912017258675306	86.2508693746804	62.862180008672446
51.35221757004836	77.00689013863543	52.38934233781919
21.80916887601371	73.75987966957092	51.950335474975816
37.10112921259287	73.30912987605787	44.12329607297182
27.62349073711922	74.6562557881424	56.78117383145664
20.731469542082692	80.64937693927328	68.81786661541979
34.29628679115702	87.0572944433737	57.56063075836729
34.70783583503302	78.1936637837074	61.31479812163599
17.041761011879274	93.68313391773664	70.84355938078552
52.05560986918196	84.4576179847373	62.57856295992144
58.380327496708475	83.47796138381656	50.04543785859501
40.687226042858555	83.58810510966971	49.41364983843549
36.63585461758964	77.82992185109809	70.33927303254076
16.306536989729466	87.17011568319438	48.10736741347177
28.60095166135354	84.25678230228209	67.10183056178661
61.39245261059503	83.61708491513691	57.15796093885368
28.471429527845572	70.30582078979513	66.82915322134272
39.68912773006585	75.30335814333148	79.14914025042239
36.55355792893244	79.99870739818076	70.76063139662838
58.98941531578307	84.25659022497554	68.94416266226145
23.468916991348316	76.73384634301615	50.37680162165674
59.66022521439412	76.67385879678669	57.926180525708865
22.815946658468757	78.65965147498869	64.9909028788953
55.03120877545348	81.85330488926803	47.81519224192713
35.73203879283613	82.36819469322246	48.407967301261195
54.68848666795404	85.82559958284537	60.176026132369714
43.45713508725128	74.87575299276794	53.106285944897905
34.87062500030407	79.925805102762	60.2840117894526
17.877360313953076	84.84382745678477	56.1062182138412
41.32382824897934	84.60236662992855	63.01763097792864
26.84362245011603	78.13834713332602	54.654177048226266
44.396619431306505	84.61761907998599	69.72368222254168
40.079400016341566	84.98728227023514	35.968928322488665
68.8138300824929	81.66755106700793	51.968691959517685
61.53753180554281	89.20987879790184	58.59464550636739
48.30056394367912	75.10073258356817	62.03175347296906
40.78496804008772	80.34685570903783	64.12253110186435
42.62591831741252	72.20080031512343	63.17380430124021
55.59290247514583	80.4256529331365	45.88979333111113
37.350369271354886	76.58628140101773	50.38278712419931
48.423346813435074	76.51627901666937	65.85805439882662
45.266614534303834	79.11397033010775	71.09144393833935
38.42690108579812	78.62695392270253	65.74031448826676
40.812341869732116	83.49695337233514	81.66108249453075
41.24479526332243	84.08991163345773	50.84407047114351
30.83041837267313	82.59394008179619	60.132168969606305
52.66194594146887	76.22497820927104	59.811876435586875
10.25140413568878	75.72123263908114	75.79311118489196
16.496661842548715	82.69797163919374	55.93145931487359
32.36226665824941	78.35756636209925	66.45068047435146
57.27197862222346	84.99303254178965	63.7517740307896
23.415593639343108	91.85273807704505	47.74374001664734
35.92510419135289	81.47333154475017	80.50709709509078
48.785115752660616	79.09429994397705	41.895124518027984
48.99869903735641	77.98069254885401	70.17108703549036
64.29972908725898	82.01238455953435	63.02207612802009
22.98948591646133	86.27724127596983	72.08088436627439
44.935123889275566	75.89450933427415	64.07638478098998
56.43673448906654	82.96196873542115	72.59557300603431
19.20639856691789	72.07844556953086	76.06257191358827
51.78765144370161	74.786617169665	47.86591750301234
28.476902706833073	82.41663136317756	43.34427609361786
55.67781717032109	85.43108606847362	60.867883409404214
33.01081682920448	86.90911270545139	66.7989624326894
37.858787880038804	73.80101124513446	58.058376300580555
33.564495287532566	75.46640624189229	74.36111464570472
67.99957516554598	90.00570669133938	58.95189860589741
35.86761271973575	78.18487904885876	49.95481385626021
57.71138496011811	80.65968034783495	61.40012108183473
70.47891178829866	82.53659623581794	51.52983065562127
23.92619640070467	84.27360382592497	58.178616512712495
16.110034613094403	77.16572652785086	47.4001655037497
43.15921268884038	80.87585441395687	70.62255100266738
27.16113395504353	78.75846501294977	60.05314308682344
24.59107543134656	85.00907847160352	63.61778984252121
23.398681202512712	62.60851050558634	55.90569168960289
62.34659498057401	82.39502108165145	71.92539997805166
35.3551890139785	75.41958747885313	56.659699850111664
60.82197997035664	72.43933586224061	66.57157685779607
28.28006659772447	84.06125466244139	62.548190179657134
57.81228028629507	80.66556245015039	44.05431738658631
47.4215193625782	85.31320021263198	53.651570046932456
39.55315467778411	77.03260535091626	50.5516032280895
41.5421946231472	73.6916164915887	65.65277950611184
61.291076243610995	84.54685417547165	51.93587550530383
27.872536782562914	73.31172670947134	48.76594133692208
40.834030587538265	81.87392547733684	70.1836127945203
42.43109666282602	77.27660764935285	65.1882860933383
17.496319780396828	90.0759484797864	61.81942447349092
33.25868397137392	77.08622098817482	81.13808187121276
50.5703130071971	95.41693541880451	79.32318771030448
26.285917600823964	81.74060817283504	52.35850061036938
43.98009013652873	75.58020883522046	61.99261600575604
54.612513202289975	78.25017977361401	76.3901579991738
50.078152788848996	79.22032118912203	51.09291359046968
37.5594669286056	81.26277378507281	61.27116131572438
56.67707756590649	81.47077120787729	50.442392815089335
32.76789202866408	87.88420109444512	55.51935209297797
55.35622392202076	78.26331104293307	61.37411757700463
48.217131132180306	80.92766430186079	64.42038545930501
27.37121004378556	83.82171733870092	40.99481706197018
55.68414225845924	81.61019439550878	68.53362968766751
35.88742176099726	81.31640792611644	56.80581549600707
36.69397379346892	81.90946540460637	50.44354815388384
41.011508532335704	70.11362779252075	54.03017163247701
27.13756817946622	83.63061761643043	53.2926322626271
1.4107945690468569	75.56645338663122	64.63685297075588
22.169087701482017	79.33920039442918	66.59084319708577
40.80018797599262	83.81870206426423	57.31920555279882
48.72931027183729	80.34350283425285	45.34779615628417
41.046719096319286	71.18885855518207	70.88125053765646
52.319860306586136	81.93349481103887	52.55993920378858
26.36355752291836	75.3447914903264	73.33770802667782
33.23140154094774	74.99259429043923	53.18209295429954
26.674073719813684	84.91236392077397	57.90920344257812
27.78873964790907	72.37136438727389	69.06497214111094
43.52596523816114	74.94178547032409	62.1753229047129
43.74427660090865	82.96087045678591	49.620934782675334
29.70371826300424	81.2172409561919	49.58664805951399
33.25015606067712	82.84785784989846	51.43085700659685
20.38744649363635	77.89310715699153	45.57046944256101
52.229777719856536	74.70665446418957	66.141294062723
44.24283069875533	81.99024658089486	69.35125309363828
14.322139446603732	75.65272918657064	65.93186359762178
63.68636264699702	80.20818525060704	53.527225708753264
17.414906002836865	74.29567740036234	47.88141122448543
30.47728007141491	82.42500740925955	73.05858278141898
46.3901467412737	85.98726784697007	60.00834845166249
44.72535460491928	90.64776370652102	68.42739208242557
33.49429743160567	74.0591396199553	45.42239508949846
23.40344504304075	75.24934180129213	63.35459215487609
61.82746017180821	79.292390431077	69.58348754395192
31.433301597904045	78.20847890385178	56.61051133260439
44.63079840946156	77.58560548941814	66.99194311403295
43.568692321619636	83.2592342068416	49.98008168632053
44.42198221091339	78.5200028945989	47.10552933866433
17.411498932569465	85.35801606002917	71.8440443538649
43.148745437744026	72.4252812023963	67.32795988317254
35.503391453548524	81.61446061253592	76.68582685827944
22.079455678428836	77.47383657257811	68.7786484927813
38.955540596564504	80.68578696838769	69.80006087425437
44.251101839286	78.8736013163573	74.8334928351502
16.034216081929817	81.41964515825454	55.029627097125136
54.58669510297487	75.79914916129769	58.49468792600814
48.90199013548806	77.16561289034661	60.00960034660568
38.439594867595346	83.7390187704378	85.43016274996998
34.82762482858303	74.17852094761317	67.22993092826671
21.634372816873356	81.21621821407288	47.29043093566744
42.55595004372665	81.57759108826939	52.10087684934845
13.915586184327122	81.6660155260635	70.96400607625458
52.834837716656764	88.25077653091434	48.16297988492067
39.69502149307153	77.24817575814008	53.917003860152604
42.435305336128685	84.46695767161756	50.91597821942169
48.396444381394645	88.38347519330523	70.24762489781816
24.65343108234839	73.24443035590252	65.28909292089345
55.422351788894005	86.03391976997008	51.89368023222028
72.34996244629775	80.66257190901868	54.91874980865764
38.79289597814856	70.70010917638149	69.91522917187461
31.041575821288937	75.15093284548077	37.31540859480825
14.792205325595702	77.8384067645972	64.71109753191689
6.692168258535787	76.37648021718776	63.01185147918944
33.79514829445252	81.43295591305645	62.53618767277935
56.37255303538035	76.4685072676612	53.42302479181555
45.79486882989856	83.9730542471201	68.69385506973467
41.78392736147386	74.36594082376007	55.738847825563866
23.78539194527709	81.17106636524915	42.93091591886035
33.92024051689897	69.26615386412516	63.16916724225191
24.735741928641225	76.59803437872372	62.33378055966145
20.114363498867302	79.20291746907291	63.88546487619958
32.648410186068936	73.34307234741999	46.09921775887521
26.180476803862	83.53990922717563	58.263107401587554
50.545118923848	81.38850088271374	59.79604085197681
34.84610263919979	83.19030861221793	50.49798768689224
31.04264498825122	75.1867053463395	62.67662294908105
45.88216658785956	80.17065104196938	57.656666159666145
43.71412461461188	76.8792707805772	42.346708630228804
22.974724824887737	85.58049801716076	74.85965847942892
64.56905742086454	76.22230927634048	71.65544378245775
59.66275000449558	76.5504104749983	49.15909660820347
45.26165781696396	84.26858822329478	58.53753057690997
25.0164411503666	77.35459233065023	58.339701184695805
38.32467769483026	89.51059243037622	55.94616562401888
50.43068692171406	78.74285065136516	71.77745634665014
45.039826950107724	83.76976791566145	61.817571682362846
23.669667105925853	83.51254812617483	55.0367951271367
43.5517014615166	74.6550686450511	60.688667617463345
54.12655596006708	79.75194197380696	50.30597664225262
35.704405955084546	84.08319179625582	57.26574999550721
36.11057956726481	77.47980063440413	68.52244064424816
47.37856061296434	84.81460372949351	45.51094771867609
63.12797416883197	87.57119972706175	51.267968154058096
32.70905223772931	81.8563669128062	45.18679209341482
36.42390321495041	79.98887701981323	69.65634235553559
32.29752792415924	75.61104019396754	70.11110038782806
24.163742804151454	81.28236714970922	58.45088096672995
31.665678914084822	75.96304843383193	50.90100849018291
40.74394250339501	75.6265533611194	78.491546591596
30.89456017857789	82.7753311398011	58.094682645339496
10.751432702548176	81.00755414799255	63.221946778037726
33.98906677617275	77.10365620282492	50.54142259765002
14.922411280442631	78.06151328960655	65.46744671754155
41.845131080760304	80.49559257068465	75.688658816669
24.48183469658478	84.0563036465827	72.84881380756826
53.61976825034586	79.24781879919443	43.99375667296633
32.890924639423616	80.56481811030348	55.18951631197959
24.4502065505942	82.83720315747128	47.0545385530967
40.306754280795126	89.71861748815634	58.02869229340043
19.39061110933804	80.3664113321124	58.68117054896579
31.93294078135743	80.77422081369558	52.741619196699745
56.40422815943349	82.18253588135376	58.94593009871273
57.97582128879627	82.36441191689579	62.36222661789624
30.257026742923077	84.35191343581344	55.445698733836416
63.77507129588348	78.321904859089	65.26524533096548
44.59603860991078	85.61362883923954	78.78323120131392
61.7472867287958	80.37435647278205	51.27992968091538
34.39129415409914	89.6355915473362	56.41061426893765
23.719508766225154	81.18666030918216	82.96848142254383
62.920827300432826	73.03234586412586	66.57830539446047
11.206764016758086	85.26954858131296	63.989719044558036
39.626094553004485	82.0250924988229	72.2381735925211
34.85701604699289	77.89554914950268	70.73508768027123
28.803952889249693	82.97800693892115	61.8663721367923
37.80867691730002	75.72745229632159	48.29491726006198
49.21053577824179	77.92204353177009	49.156671508598976
35.841926329908645	71.57861159866525	53.99155623072114
44.218777140152	81.81161766721337	80.16271104311794
29.58139664436039	77.98338109217815	53.999214375907854
64.46403137855214	79.63437302934196	61.806333324544326
33.17262564304079	79.69252969781431	72.83389134404435
51.217932971448406	79.8145287612502	51.876348965453474
51.8673597148421	73.99727024037306	48.59719831029945
40.01450521746678	74.75932225128741	77.63940901642147
36.536363208999916	73.00103870241328	66.16035730248035
27.9252254081417	80.32089990601703	81.67616344493901
58.45185929227472	72.38997758486211	57.48433984504663
45.680104059477515	75.81329995922088	73.61404685682795
38.302174103166465	73.31174770468225	55.22731911904522
14.021792428742867	83.7686047809965	48.8776684117537
59.32557690946907	78.18379253753433	66.19282189190223
31.34640567513795	81.53646262030765	62.45828479936618
32.36591353187856	88.6290858231617	63.79949818041468
0.661251718944385	79.28402029373702	75.32769783395922
44.26225181807727	81.93286536830733	61.70367564482114
36.20588262495124	78.10288321812197	49.827431240720145
37.66306562746016	79.68196426696582	59.908840580100396
49.65013391210607	87.00181457125343	60.05399970768424
46.65285256300089	78.33541526567221	69.6226772376493
49.481220358276005	83.05748740367123	58.031196951958464
35.578205826427435	82.76067134036629	45.18710674778623
38.269314667079534	85.43629324530708	32.12848653933908
32.58669236882968	78.91242743506882	63.944704003777375
41.56785136107576	72.83922473361845	63.08746474946434
37.82684567706861	77.18715689870521	46.11516090206241
14.445419561188412	80.03900949890003	50.65587963600148
35.20004314131628	84.46975547867278	68.9489524753493
53.63990057926513	79.34616007410756	54.87126001204928
52.97825155271232	82.6868735272567	78.40375097495604
41.981728394600935	72.88831423334369	57.06483079045083
36.689542077137475	73.84873462399736	61.297978035509914
33.240510405074716	85.56263597076322	44.90190799519593
25.676563145846984	80.29582759673433	69.20197729353941
47.34230452997481	77.51201499112207	50.5484540383879
30.526455197003056	83.2247033935057	61.09882039623587
12.748847872521761	73.81778662444935	44.42670725241779
41.18364913535492	81.23049401214604	63.52072458748016
42.58673928502908	75.71163609085957	65.16505631246103
43.513099943301626	81.24313167549741	69.79368860843614
69.90736299185643	87.9661209375504	53.839384684324045
52.32595570569111	88.15502087798403	45.16874732920557
42.981372887688664	73.05299547874249	68.64492226993966
51.68846780163249	76.81400452138324	94.3872954866056
47.66251833978916	82.95017572132619	73.06818349084743
73.87301188379753	65.75112568649571	56.4615377890127
40.21324796927506	76.67719878343217	73.93129100015769
38.99208390935992	82.81248372524911	55.72890175171394
25.07442412044229	75.53501563376919	57.13155646137228
34.144612608099706	84.40569954743177	52.73466366693799
51.054931131614296	79.0580667415489	57.57447108669679
32.626589892064885	77.25012381759157	71.47480957019609
37.06013413765915	77.6929090208636	56.0940519416431
42.937415691735254	80.0787768579284	63.428648179649144
25.944272548745026	85.61016227937344	78.61897482703083
42.10975301611833	80.41087166061934	63.78814657642443
55.680011949887316	83.90732930205797	42.820054940828
56.64305521200614	86.18017461051305	56.80223689432084
87.444748635901	83.92620690289773	68.2755200450539
12.989844060428904	83.6989732975033	60.01825620756504
25.045839830439952	81.4117270164368	64.77565136768193
66.97348745502686	80.68968659883467	65.93711646644444
23.284842648294553	74.73086517436057	67.97140326800023
42.54859323969759	88.8977078181796	68.38332432737737
44.62549490962128	80.11626252826773	45.25015502808074
37.03559740071658	77.68113589527397	61.76035978827855
56.00554003528323	79.13411702288406	68.3706513917756
51.30562863482403	74.37767463571946	63.26970009545441
38.15897960653516	87.42961440919656	48.83306497729882
37.17414913759649	73.06333711476731	48.204627644400915
17.96875125876299	78.45334381964739	63.01766574256068
15.741935992743272	83.38316964487872	44.81580131274864
41.521938877462524	80.12547045952917	71.86285953989115
62.82968988598964	75.61250886304595	59.267362378432566
28.34512329665143	80.28871553048016	53.52901222186745
40.705347214165236	75.04757855471821	65.14962081428567
36.34903300346811	75.57363508251309	53.7557152778527
39.6605442082704	84.75681275102733	54.21588228625329
55.1567100649629	83.69267435178355	66.41606589812942
59.83874184233257	79.16192843309649	60.181356583708244
38.71508127404667	85.31064995674292	71.33097669480875
42.1029603762599	71.22748080390951	67.47417809014188
48.54114080885604	75.24592047778636	57.12605992593775
18.69739834499491	78.8191785226695	61.78293516718821
41.63250299750317	89.86450707169058	70.27927127570184
48.44983806826855	77.33757593225438	55.13332462177224
47.68693694245863	74.28172352783359	63.771476655282214
38.3989807506889	75.31000207564804	68.85956582708985
29.637255280342693	82.81613267962405	62.39709184145601
26.690676024539385	88.19720767098698	52.586049643846465
61.02678122957393	87.17375677661205	58.61007968660397
48.41692094708021	85.25895580147825	62.702478524091454
30.724298903104817	67.6500771086355	61.86673349020766
14.157902503582061	78.5271130211473	57.49752057948948
44.15805585359356	74.88855810946653	46.210756588760816
5.674880260244002	83.36061513490242	66.98194169641035
25.956665910847907	83.00047061322638	59.12416637793553
36.04607917549947	68.13152763071231	65.12734820601577
45.76563577406979	81.30333116777082	72.47734420614111
28.669093350650343	80.85145189437259	69.85161579009116
28.2835032946174	80.29413452036566	52.7409343030633
35.31612798842872	80.26911040086031	58.37421929053464
44.13367318866821	68.02514933167004	59.295931223681876
32.65014301584154	66.20671157268937	50.517302010080165
34.61148117696273	87.84318011545732	66.3916772598946
33.70167508695708	78.87560016126245	59.57676664044255
40.90069932200905	85.37616386273861	57.78797327556055
23.553920533993995	86.54539909686939	69.29068539713063
39.36669967068823	84.20204908333073	54.015620709132634
68.00854231194336	81.27626647955736	63.3523076418466
13.061121724936424	89.65369749833435	73.00020961473597
22.544981256868788	80.29695969150386	73.10573197521774
84.77202995826948	89.4660556372172	43.40474099501111
30.366667725870595	81.22901778588009	71.14347351368622
52.08907420554287	75.26665037930591	67.86579274621317
25.573395244318476	74.08017823556355	43.770218214076735
33.47511963105139	84.57241146650411	69.09801562914556
